2.467034301102160399e+01
2.646563803019556715e+01
2.409309079391930908e+01
2.490118973364973343e+01
2.092865347124059738e+01
2.307237585287542458e+01
2.295643803498781210e+01
2.553406090351856506e+01
2.294918649696113278e+01
2.047754150607001833e+01
2.241068359345358374e+01
2.370858692676178592e+01
2.493439749761792612e+01
2.368121672480226536e+01
2.341462917043529046e+01
2.113135011758444648e+01
2.317258394050494985e+01
2.661765024800417123e+01
2.387641932693072988e+01
2.245919990897653662e+01
2.078761634669453073e+01
2.334217729524889862e+01
2.539081412022973439e+01
2.169924983110677985e+01
2.101810372240471381e+01
2.084867167073774752e+01
2.340292088589546893e+01
2.506360241496475538e+01
2.547748183691590995e+01
2.364920395588242030e+01
2.423792877545546887e+01
2.300312911958948803e+01
2.219336472230112633e+01
2.286791907974150817e+01
2.394870483063021283e+01
2.094400080944832609e+01
2.407375408096241287e+01
2.316211644953859761e+01
2.416032058727061838e+01
2.343196038395294778e+01
2.075293235375337630e+01
2.388543253674825095e+01
2.432569800474562882e+01
2.425205517831689406e+01
2.458010059753442889e+01
2.324940783377195785e+01
2.441761627295660730e+01
2.206297056134862444e+01
2.490506331022712416e+01
2.011233314174984343e+01
2.269457474147915832e+01
2.350947796663893286e+01
2.352064956336951340e+01
2.105267884125289868e+01
2.093820230321144038e+01
2.182984132342541272e+01
2.255563767685145393e+01
2.546775167596373635e+01
2.369168314505376571e+01
2.191180746646629984e+01
2.493582438494859232e+01
2.273282599059378484e+01
2.279326027218166573e+01
2.026310420696419712e+01
2.459166306716198847e+01
2.008638949761344250e+01
2.462484636498852808e+01
2.202277215094910900e+01
2.132523061318557467e+01
2.133889280184664727e+01
2.144910854230009889e+01
2.374938051686631013e+01
2.108184366557566847e+01
2.186904323273113704e+01
2.374322432232834501e+01
2.076946559309508800e+01
2.197024863844456277e+01
2.524243747649230585e+01
2.299281118295377269e+01
2.289333916496038412e+01
2.421035064030537143e+01
2.350689435006986017e+01
2.027936719505197161e+01
2.455930105557958498e+01
2.421660358517997125e+01
2.199975333507096664e+01
2.169443272627677999e+01
2.235112505580654840e+01
1.931788548155689611e+01
2.142022380308079832e+01
2.331023293818172704e+01
2.137044527690146722e+01
2.251895293604444959e+01
2.359254989565710403e+01
1.940284588213852857e+01
2.350662234893697189e+01
2.235665065328163337e+01
2.340589057304974219e+01
2.158499957805067027e+01
2.226302256098414034e+01
2.108419244354016087e+01
2.481758106020032884e+01
1.928214127343168371e+01
2.503630504346752872e+01
2.062900045349284639e+01
1.742792449149446199e+01
1.915473726804009047e+01
2.411156630725207961e+01
2.066069382607989979e+01
2.557140898022286279e+01
2.369303212678909532e+01
2.336222257134097902e+01
2.161615226601350770e+01
2.078083074615004122e+01
2.206197277939404700e+01
2.363507747851856422e+01
2.313676951412368865e+01
2.327359002778869268e+01
2.223392153480639521e+01
2.516793454611238801e+01
2.393300502386686901e+01
1.988493662798249417e+01
2.150269763331323247e+01
2.173921397321239724e+01
2.203685989110281795e+01
2.791800808158540192e+01
2.133415719305711633e+01
2.253910970073730979e+01
2.532951060114200814e+01
2.121758940368941637e+01
2.226359478476428677e+01
2.086842322067752775e+01
2.064472083600012553e+01
2.303360721670031097e+01
2.391855974405514829e+01
2.318769783565451092e+01
2.293058232943941732e+01
2.077033601091420323e+01
2.175852284471447007e+01
2.333673460007811329e+01
2.279013764915555029e+01
2.174930042639027050e+01
2.178843606983987158e+01
2.047452867655552922e+01
2.173253582386146832e+01
2.175121015130822855e+01
2.286848258051562865e+01
2.191564575431827677e+01
2.353871370421198606e+01
2.248413649504220047e+01
2.574435575520658759e+01
2.308708394122892926e+01
2.172738662026395673e+01
2.231867506287419900e+01
2.240740095907504426e+01
2.491415081294590195e+01
2.207391865790931718e+01
2.365841375365594601e+01
2.508363213486599363e+01
2.291465767606712234e+01
2.723242442707431010e+01
2.485901314295639608e+01
2.168560838569871052e+01
2.163027788600081891e+01
2.029796209336997137e+01
2.449558322342749150e+01
2.049219851129939940e+01
2.164997451994150168e+01
2.260272157834509699e+01
2.233711849103005065e+01
2.185095819461654898e+01
2.018905243416791961e+01
2.496172973952241847e+01
2.152213548829715961e+01
2.279253387670501141e+01
2.423523558111533660e+01
2.197125326802974854e+01
2.615183765321389231e+01
2.303383118091071324e+01
2.292650224098854750e+01
2.204883650377817972e+01
2.260238476274913921e+01
2.243764728940830011e+01
2.180557842372519772e+01
1.936280896343308555e+01
2.080093022249314316e+01
2.224692058323247679e+01
2.264162707825230569e+01
2.487603528122478735e+01
2.399384640767027221e+01
2.205349391874257492e+01
2.456593812571782465e+01
2.243830537521119339e+01
2.536456312178298234e+01
2.324043127583427548e+01
2.182841493488695406e+01
2.284529080289890501e+01
2.528210364634099250e+01
2.253663252016162133e+01
2.411324551455075849e+01
2.464775953817040488e+01
2.562675912853940829e+01
2.145890599031030632e+01
2.193378349370643932e+01
2.543694054641973068e+01
2.370735516938911758e+01
2.426298019134972961e+01
2.510294723869848355e+01
2.279017417153296066e+01
2.079482785022118918e+01
2.050239818477484732e+01
2.513652939878696557e+01
2.286506156596055561e+01
2.261217902626602694e+01
2.104133018275969746e+01
2.312932931004374026e+01
2.377560070213346677e+01
2.517781336424210181e+01
2.358497803107342961e+01
2.465325977543601255e+01
2.197324693287898256e+01
2.265496478484689291e+01
2.258673460484085993e+01
2.164645615753996211e+01
2.174162814088466078e+01
2.191049434817479025e+01
2.220991413463882225e+01
2.068499560916796298e+01
2.141278448082654151e+01
2.296565816776592328e+01
2.153029259148644670e+01
2.275624108591956229e+01
2.446570149160112706e+01
2.345700464680693997e+01
2.133691913999094680e+01
2.232571746765431087e+01
2.143809505832552631e+01
2.212553770522692176e+01
2.475209097348156462e+01
2.199895688719479026e+01
2.464680268733677693e+01
2.280725216988376403e+01
2.115585900665482555e+01
2.194136746263814075e+01
2.621383609571924111e+01
2.308227350075527440e+01
2.116119495873108747e+01
2.165368302353914487e+01
2.197525680441444962e+01
2.039029649392728416e+01
2.299070788026154588e+01
2.429927249633608355e+01
2.178824304861904082e+01
2.045907372203415520e+01
2.257193521921409740e+01
2.533425205007586101e+01
2.292108566039675921e+01
2.344563230883578697e+01
2.122654424144925756e+01
2.296830944701169130e+01
2.033941048830144283e+01
2.282132155027955633e+01
2.375666946128345103e+01
2.325793829840046101e+01
2.259841500538061965e+01
2.090432114360743299e+01
2.166404862526862729e+01
2.152124041690755263e+01
2.347374418492840675e+01
2.165857646390857028e+01
2.228460501382860315e+01
2.236504607748534923e+01
2.470795395979275710e+01
1.920587810504665427e+01
2.329436270113790641e+01
2.231028080692048832e+01
2.186742594543441953e+01
2.227476138603972444e+01
2.163064317987626950e+01
2.228497151368850382e+01
2.551239023205527801e+01
2.361451976478517878e+01
2.259981404918902470e+01
2.434522639141752265e+01
2.213056296469567741e+01
2.366631440280249876e+01
2.373537282126569181e+01
2.328247840349855124e+01
2.305196891996446240e+01
2.679562475068929572e+01
2.282720653856031134e+01
2.319390822546143482e+01
2.657788752952535916e+01
2.167882962697077787e+01
2.521717318976109823e+01
2.234947361724812609e+01
2.152922892182543180e+01
2.422947215729069725e+01
2.465145852332605969e+01
2.356361311711749096e+01
2.325427977113845657e+01
2.144139029497504367e+01
2.142858260823582839e+01
1.978408681600639341e+01
2.440759959981003746e+01
2.155544529319335112e+01
2.246186345384956695e+01
2.764779399946880289e+01
2.125228071735028124e+01
1.875685628532781024e+01
1.939188382279247591e+01
2.195044408076590159e+01
2.480811446230893935e+01
2.188443505861192051e+01
2.315748811809397978e+01
2.328953347747652103e+01
2.676239147391559925e+01
2.484694025407857154e+01
2.200810035794834008e+01
1.718329306790256794e+01
2.671561662611266641e+01
2.642069679297703999e+01
2.439670140596715697e+01
2.382389502030799022e+01
2.135411722767144838e+01
2.152274119108191641e+01
2.131318642839411126e+01
2.414387415461342812e+01
2.183240004095215880e+01
2.103037981225469721e+01
2.308694932941231670e+01
1.943096062861981466e+01
2.419831595472207297e+01
2.044076587036032322e+01
2.509240374062836665e+01
2.534151010712630026e+01
2.620296696799859504e+01
2.392149250360141721e+01
2.482977894870887781e+01
2.271272420768853095e+01
2.398857257304128154e+01
2.455740675676721096e+01
2.062300161959818823e+01
2.409529378503483343e+01
2.402807480230092096e+01
2.070665495251538957e+01
2.379271785073709466e+01
2.107819526637234731e+01
2.269311778133281265e+01
2.283974361148481336e+01
2.346095182396100043e+01
2.382961769443003774e+01
2.533431459784395301e+01
2.347920946358366479e+01
2.096203715024065772e+01
2.223316723822432550e+01
2.431967105034883403e+01
2.406492042585785995e+01
2.000495043637125292e+01
2.405696908907014020e+01
2.513061985705631329e+01
2.256425437455276395e+01
1.821304083733677359e+01
2.438049889894943689e+01
2.417242483953956267e+01
2.338551067074753931e+01
2.502272305938047481e+01
2.290526305293967724e+01
2.013081688075341447e+01
2.229660766432838770e+01
2.069377349185621995e+01
2.649897981167887551e+01
2.243221889728049590e+01
2.109237285352068980e+01
2.208013569497834894e+01
2.173492829258706394e+01
1.979839469770955773e+01
2.090838459142192818e+01
2.230289881676561592e+01
2.398156278723058676e+01
1.957103501724057892e+01
2.471606651988565417e+01
2.552222422661375489e+01
2.309487969329508061e+01
2.308870244072710420e+01
1.978117617526395122e+01
2.491747135533573498e+01
2.469236724007226158e+01
2.303395298362029209e+01
2.215579467762270838e+01
2.560170703073605480e+01
2.083843892894174132e+01
2.344585250763799777e+01
2.488884264204045138e+01
2.430030900336364752e+01
2.292913215809570815e+01
2.186594070894970443e+01
2.302409732332620607e+01
2.004878853832456542e+01
2.338896525349613142e+01
2.589846249635754916e+01
2.209086258158845339e+01
2.206877783826808326e+01
2.129802177486027404e+01
2.200678091914366519e+01
2.245581073304025210e+01
2.233950592725999584e+01
2.370578793190608380e+01
2.128091738308311420e+01
2.006012826207076216e+01
2.231025464252408241e+01
2.250480948917508073e+01
2.318003440911507695e+01
2.249510682530005923e+01
2.217428717868634891e+01
2.112651101476366122e+01
2.123059087172397597e+01
2.263430041409770155e+01
2.328974137018803248e+01
2.411871210217814010e+01
2.527836073431582520e+01
2.154248749897564252e+01
2.019769996631280407e+01
2.153031714085877368e+01
2.370306740725197159e+01
2.017608429028176786e+01
2.042034324189357619e+01
2.247910983811056340e+01
2.167665606274362133e+01
2.593424707716824429e+01
2.126711065208486673e+01
2.263588692432700711e+01
2.581994120319427566e+01
2.465201973928149926e+01
2.174153180604560021e+01
2.268974987689886547e+01
2.133612923394943905e+01
2.399526328650711093e+01
2.049385465837302078e+01
2.078999738732211355e+01
2.299762208381355322e+01
2.165876558326336720e+01
2.142948281219388562e+01
2.082813867434700583e+01
2.278444034363623061e+01
2.380691318531442136e+01
2.633202822226430229e+01
2.097171823794397838e+01
2.160486209086842635e+01
2.117133567078198197e+01
2.584002194217810100e+01
2.548259823053531292e+01
2.410979537985262411e+01
2.205159029208030574e+01
2.192950267632311068e+01
2.320041989319747699e+01
2.238054769572476133e+01
2.278553091478554293e+01
2.195340690240715986e+01
2.027608277489526500e+01
2.258950220045444368e+01
2.106668665709374721e+01
2.399514499082161834e+01
2.484229888500156491e+01
2.438624674324261932e+01
2.244417765016007849e+01
2.178249100052382659e+01
2.508508149680583088e+01
2.267005970933374570e+01
2.535567418716192734e+01
2.177926694829268328e+01
2.432323326244674533e+01
2.248775554468145188e+01
2.590469764292236121e+01
2.718993774251433848e+01
2.236304605165964077e+01
2.461602147568858001e+01
2.539442204950551130e+01
2.246334114103267865e+01
2.190798344050449131e+01
2.267623523018567155e+01
2.350728870347456123e+01
2.112199126879590949e+01
2.347753082899077270e+01
2.339746464924539282e+01
2.241016993672116797e+01
1.861148110398930200e+01
2.461652027075916749e+01
2.520946161077592507e+01
2.083484329964294091e+01
2.272608898902343455e+01
2.406574538994070878e+01
2.241345903454195820e+01
2.469076286345389804e+01
2.260362070725669525e+01
1.889890779952953181e+01
2.482858380264999809e+01
2.362074531075976225e+01
2.306656650694564448e+01
2.013684353631771273e+01
2.246749835196495226e+01
2.258505611881956909e+01
2.091489586691183078e+01
2.343092817508982151e+01
2.405844364641439626e+01
2.367539558987022374e+01
2.254362215254498736e+01
2.261474251798692947e+01
2.408021876227989821e+01
2.204251632895056900e+01
2.145056002158226960e+01
2.283578720856296940e+01
2.239878627144189949e+01
2.067294136233886803e+01
2.152940089079529074e+01
2.179509330008287549e+01
2.146355439788197472e+01
2.340535194507614847e+01
2.045378073338660485e+01
2.347478885216625244e+01
2.619015734325850175e+01
2.155450656629059480e+01
2.274612665563646985e+01
2.477888028250917074e+01
2.143939752416462596e+01
2.284430812491990892e+01
2.377538840997502589e+01
2.265195656996430884e+01
2.098680330654376291e+01
2.448173947213841828e+01
2.110986280966831075e+01
2.253003350315043818e+01
2.371584564434096976e+01
2.264811640098619705e+01
2.211259909550640046e+01
2.168247096342567914e+01
2.298591459787200364e+01
2.529099071076635497e+01
2.468514589593447184e+01
2.298231475921317823e+01
2.107470374007061764e+01
2.354034304303548453e+01
2.097851213487141564e+01
2.369632725633609738e+01
2.152129878550084285e+01
2.086767446576362062e+01
2.173166522179322868e+01
2.130968976420906102e+01
2.150773739873773138e+01
2.188730884838438939e+01
2.320830069209130642e+01
2.485779086468796706e+01
2.078201920727738639e+01
2.055029881557961247e+01
2.457088191313571102e+01
2.114956784327493011e+01
2.478575590055033473e+01
2.225005475571287050e+01
2.159867232330373099e+01
2.295527156516766354e+01
2.173735082629769266e+01
2.115791769505490549e+01
2.747498508100534664e+01
2.166628308608856202e+01
2.294871862753375780e+01
1.974530500456720006e+01
2.291376318018863145e+01
2.059143516496664006e+01
2.139259496652107728e+01
2.050503240308685093e+01
2.311451111269013481e+01
2.169829366772064105e+01
2.204419065873694095e+01
2.407540598121710573e+01
2.270690868224998482e+01
2.132518810460631187e+01
2.316120536655240159e+01
2.412926761668974862e+01
2.403057217077282814e+01
2.475156433232767839e+01
2.640696713605718671e+01
2.128952216510398188e+01
2.514068685392070890e+01
2.382985265601431379e+01
2.333622294244019812e+01
2.419807561172621035e+01
2.155670171580613825e+01
2.156062358874672569e+01
2.170520466610215493e+01
2.251466741973025876e+01
2.311835462630111593e+01
2.238466416539783310e+01
2.029685074172745018e+01
2.212393406290753717e+01
2.459338324310556345e+01
2.124730419064124831e+01
2.202861347017743299e+01
2.196939080701069713e+01
2.452363116195055071e+01
2.314843979871682222e+01
2.144071739455203840e+01
2.480889133861375839e+01
2.116338795949107521e+01
2.171060776082898869e+01
2.249706429364135829e+01
2.373981521230085789e+01
2.346482460136130044e+01
2.341112982004142040e+01
2.395499086780824172e+01
2.159398737396326595e+01
2.188764686410315718e+01
2.510773346507673054e+01
2.262130112388286207e+01
2.533013098045755385e+01
2.146014960993083420e+01
2.225446020911539335e+01
2.663478667665077637e+01
2.711874213136465528e+01
2.143831490841784060e+01
2.243688328364840245e+01
2.263209891697086107e+01
2.466616098300534077e+01
2.197302968055796768e+01
2.147014227479940729e+01
1.973969433176166177e+01
2.340167179414193299e+01
2.474620549279739734e+01
2.526093117714906811e+01
2.091280115209937307e+01
2.110470841013475862e+01
2.413242105249936387e+01
2.433367765684103645e+01
2.046816727673091663e+01
2.407381527210240790e+01
2.147170207738977510e+01
1.998017492677738005e+01
2.325668283749041265e+01
2.472442953271123756e+01
2.338330770121387303e+01
2.289794448269177707e+01
2.098521294986900898e+01
2.192482864751158544e+01
2.037186197866624937e+01
2.070703367907191250e+01
2.053268488858422103e+01
2.252421638082739719e+01
2.455080251200740449e+01
2.255179585720616231e+01
2.410009691362987283e+01
2.328590670903677662e+01
2.342048516876947417e+01
2.611184865758361084e+01
2.069133698683239686e+01
2.241520089645418068e+01
2.145074069274027195e+01
2.346950939887227250e+01
2.149753072111498042e+01
2.282741969294935913e+01
2.453702999596907119e+01
2.272530783334760329e+01
2.165577793819247532e+01
2.330250068986052625e+01
2.376260625944127725e+01
2.331663197615467453e+01
2.468005080220942205e+01
2.356346215579976189e+01
2.271614350564632545e+01
2.397321648901285229e+01
2.104621379460435904e+01
2.063208317910289935e+01
2.314320729581131175e+01
2.049871771426117206e+01
2.273872780570079044e+01
2.289341675672008591e+01
2.489850819137932447e+01
2.391324554172078010e+01
2.776569861051772747e+01
2.167334670996541135e+01
2.282257047886514201e+01
1.953629104553065687e+01
2.433914128740525484e+01
2.678739751655973222e+01
2.513644392592427934e+01
2.383975242648623549e+01
2.245337360934625792e+01
2.193241559772192772e+01
2.195748509470461940e+01
2.254832428596999705e+01
2.285166625479000757e+01
2.148748280723709314e+01
2.385607592010296329e+01
1.985490992294320733e+01
2.145662802891293808e+01
2.442346377599845297e+01
2.119070068133369134e+01
2.262908536481436883e+01
2.079150152029157539e+01
2.318876185664046474e+01
2.481154921972112248e+01
1.930426084442471435e+01
2.504146474943338063e+01
2.177811044186539036e+01
2.516137844700248039e+01
2.008275240299653319e+01
2.168736878075227281e+01
2.085258101042873236e+01
2.247801339973083401e+01
2.103252862469076234e+01
2.243759749681064264e+01
2.594093352995713175e+01
2.009170749490742125e+01
2.279665392263225243e+01
2.176443883017217118e+01
1.900450237087774497e+01
2.205360929424660199e+01
2.527823312570008341e+01
2.303982019217242794e+01
2.264712731358939024e+01
2.212645485530988054e+01
2.188970990793166749e+01
2.121979370762124617e+01
2.480480115818014042e+01
2.052010022888149976e+01
2.066477994985893574e+01
2.085183909309280281e+01
2.130823282127723317e+01
2.448270225497292429e+01
2.281800892242142353e+01
2.460191499904127355e+01
2.291585453664099248e+01
2.486137944844313097e+01
2.365660001695138703e+01
2.350509955760164615e+01
2.259293787245872664e+01
1.827806244843400663e+01
2.352951714990570764e+01
2.229411425023386073e+01
2.263331600049026093e+01
1.880619428384656899e+01
2.374851889407696959e+01
2.309216666715757782e+01
2.412653666420846932e+01
2.392948598712756336e+01
2.130931221238904527e+01
2.168061074053954584e+01
2.131645997503758494e+01
2.397804724453487424e+01
2.093195257208389748e+01
2.442324810476412367e+01
2.183163737011413730e+01
2.380997385807037148e+01
2.267387845719304451e+01
2.306537212956652638e+01
2.496434468473690060e+01
2.197374699227621520e+01
2.642834224104751328e+01
2.218823092749433812e+01
2.067502308850454540e+01
2.410279951570829837e+01
2.155602625095033531e+01
2.445391632153731720e+01
2.589779006172121001e+01
2.358667144165966434e+01
2.124103718872173729e+01
2.665270713589104545e+01
2.193774714449074281e+01
2.284941141494829964e+01
2.043928118473054312e+01
2.261908446550319240e+01
2.380814245322878620e+01
2.280798773569609494e+01
2.273328587554794211e+01
2.586896754634238960e+01
2.217369546421706872e+01
2.458957006280310509e+01
2.477552705699750035e+01
2.130193990393811987e+01
2.385044409863652959e+01
2.314330829839067150e+01
2.266408664872982826e+01
2.654058728478208096e+01
2.408720260438347083e+01
2.397892612658743516e+01
2.035197484777431853e+01
2.086968760207171769e+01
2.193597296845071654e+01
2.231690781020535397e+01
2.572199470052224513e+01
2.341827140359297132e+01
2.212651050551150433e+01
2.138186843009097515e+01
2.229219606476090476e+01
2.329014159254715466e+01
2.213454472855077526e+01
2.225185933429187557e+01
2.155032379705167855e+01
2.192538801210288568e+01
2.106552995857802912e+01
2.282005072273947022e+01
2.375724025129248673e+01
1.894499198077949487e+01
2.104145674454698067e+01
2.019926995880073761e+01
2.514042133946816904e+01
2.064148341540234455e+01
2.343260032854493247e+01
2.133354046932723591e+01
2.180431947548205684e+01
2.381648547134970784e+01
2.429993955118872151e+01
2.374343509867649260e+01
2.011167500820497622e+01
2.293417713125206703e+01
2.654972490282783326e+01
2.325759030616710277e+01
2.395031099347547254e+01
2.373091419933173540e+01
2.157867923935602050e+01
2.199377145954270674e+01
2.367194193564842308e+01
1.898307416522243685e+01
2.438956053034468496e+01
2.406378523373340172e+01
2.347892438822155725e+01
2.303921965092950330e+01
2.257719694804572796e+01
2.269037822547672789e+01
2.270176374368443817e+01
2.371916972314049232e+01
2.110001134510673992e+01
2.195012915544951326e+01
2.356528018211815834e+01
2.275657092066657228e+01
2.444157560731519752e+01
2.115429893809453432e+01
2.205365922078566143e+01
2.192538666599923403e+01
2.483399739450736377e+01
2.013732307681314992e+01
2.241258457952913830e+01
1.977450208973147028e+01
2.537982686193186765e+01
2.238718489821726010e+01
2.424171900620968145e+01
2.420339614902059822e+01
2.037867601129758199e+01
2.009041752542875514e+01
2.244755916802371587e+01
2.326133600559640868e+01
2.085919075083358010e+01
2.317114461170609374e+01
2.257826941887493888e+01
2.514424107860845581e+01
2.232999295758574121e+01
2.324996799041963769e+01
2.408880146791582533e+01
2.198327057808731766e+01
2.410014819695139821e+01
2.476144606835396544e+01
2.440221790186750894e+01
2.352277726222996534e+01
2.444291885222688876e+01
1.872498862934401131e+01
2.247850824204663311e+01
2.303579935008437118e+01
2.390851187064039252e+01
2.322625561730473365e+01
2.218298995588787648e+01
2.353570188400920316e+01
2.471884785669308471e+01
2.709145875617548782e+01
2.125640689749017653e+01
2.171127650282489085e+01
2.146565136571448207e+01
2.191086825859633080e+01
2.108912321386723221e+01
2.105096882971009009e+01
2.147262327492970968e+01
2.556814999715160752e+01
2.321481360210217559e+01
2.229736622887199360e+01
2.252086082031344105e+01
2.359032148242877724e+01
2.317146577395512352e+01
2.347450521112481781e+01
2.283104899580976621e+01
2.357671871146702358e+01
2.262094078597302627e+01
2.401726761514226283e+01
2.344673662404471415e+01
2.280917683352539171e+01
2.412996570600461155e+01
2.188527189256522121e+01
2.169158577614765093e+01
2.212480639764525847e+01
2.358876270386979357e+01
2.253940037834457044e+01
2.062973586521841796e+01
2.313100225557427692e+01
2.535359020866354740e+01
2.263329405559980145e+01
2.107889953190291621e+01
2.422348404709594050e+01
2.469412504294115251e+01
2.272441217490121446e+01
2.036500568065450523e+01
2.170540938756373706e+01
2.349571125578673048e+01
2.103946925453589500e+01
2.360927059243326909e+01
2.129264401071834101e+01
2.120308720861167373e+01
2.150594099648609969e+01
2.390205972290863556e+01
2.368082436774413679e+01
2.214867944144906176e+01
2.514995966386498338e+01
2.259691268465239133e+01
2.332442190142784355e+01
2.444188519814657923e+01
2.329833522930494283e+01
2.053940419748520085e+01
2.272145181142361636e+01
2.208934458430200820e+01
2.184581323397455321e+01
2.193609089448106175e+01
2.322899769568855532e+01
2.304310323001919159e+01
2.215035079728015788e+01
2.654528149466985809e+01
2.071849683902483719e+01
2.390557235427064242e+01
2.361764493886354188e+01
2.129518243930499111e+01
2.596510190312120159e+01
2.213615821174622766e+01
2.356331150963686127e+01
2.039240802812231479e+01
2.363105728704313790e+01
2.046972400240430545e+01
2.162772878152925315e+01
2.149919825113478922e+01
2.401772409687153598e+01
2.123718660474145992e+01
1.975857273317836871e+01
2.254681514355559102e+01
2.457913930561608495e+01
2.331970066024017996e+01
2.344510341576539503e+01
2.229346615099352746e+01
2.203677384358080715e+01
2.354490710096130002e+01
2.229512569111294340e+01
2.288181940901768030e+01
2.456606975742392862e+01
2.104947561338590134e+01
2.109677529466109291e+01
2.135417195048393779e+01
2.357067009318621942e+01
2.053570050337661002e+01
2.323808975081577799e+01
2.117565406818982154e+01
2.565904055241542636e+01
2.497102511206784570e+01
2.158608045588143654e+01
2.210479315458193383e+01
2.309780732878632392e+01
2.324709090309341164e+01
2.229328357742301137e+01
2.343395321958262656e+01
2.255403645493337095e+01
2.353464094472957413e+01
2.242587554168270003e+01
2.254088342376683585e+01
2.280077710851693240e+01
2.662930904026225676e+01
2.508454979053879441e+01
2.338524776589607868e+01
1.974819469475367839e+01
2.328741129299869073e+01
2.062149262139620021e+01
2.627616470247816949e+01
2.141717079560706694e+01
2.455437898326106705e+01
2.128576875954999892e+01
2.465353894855028472e+01
2.154341199037635235e+01
2.202306737219794286e+01
2.159048069891353450e+01
2.112165118658446161e+01
2.405629245944311734e+01
2.633246027956687030e+01
2.317471938505394036e+01
2.479803862751292343e+01
2.133256626090794938e+01
2.171242386768412658e+01
2.128790522786655615e+01
2.176978936144444177e+01
2.076557440305729330e+01
2.251008432427425632e+01
