2.457235657038487275e+01
2.643326687048220336e+01
2.402922505807071474e+01
2.486790060934839985e+01
2.087188146335347128e+01
2.299626344057717731e+01
2.288582087609934135e+01
2.540592300447019269e+01
2.282947795672416547e+01
2.038455612270414008e+01
2.229383440380172487e+01
2.363894556399874958e+01
2.485997903310549262e+01
2.363358378099005819e+01
2.329510742844703941e+01
2.106101407141741788e+01
2.315840925228208036e+01
2.649860818100648530e+01
2.378769243682098278e+01
2.233351200029690986e+01
2.067977821289712281e+01
2.326073207488201078e+01
2.530887708034547856e+01
2.158615877176340092e+01
2.094847161212400977e+01
2.077670201047629206e+01
2.330045678171924806e+01
2.500434864016673941e+01
2.541193333738165805e+01
2.359138562720920618e+01
2.412887703435285403e+01
2.290230539551346922e+01
2.207450762115143661e+01
2.278605401836753330e+01
2.390191442891979534e+01
2.089173238319718706e+01
2.394419617665035460e+01
2.308740562286239140e+01
2.411631104974573248e+01
2.332779338738774655e+01
2.065850948749580596e+01
2.382663445471733610e+01
2.421550363322667110e+01
2.412286192207352187e+01
2.450919042191624087e+01
2.315133709081268165e+01
2.434082631256576335e+01
2.201152169079228926e+01
2.480777969915183334e+01
1.998842115065739833e+01
2.261109973337235957e+01
2.348165882277953997e+01
2.342758821982565465e+01
2.092698576186102954e+01
2.081169049628177703e+01
2.175310804841335255e+01
2.249603312800748967e+01
2.542140435557242739e+01
2.364721870005350368e+01
2.180057778160907844e+01
2.485532373899559744e+01
2.259951813643076690e+01
2.267318570596543736e+01
2.019013643589515539e+01
2.457157420599088837e+01
2.001984833267967900e+01
2.453543906241214145e+01
2.194260345116172317e+01
2.127571908669120759e+01
2.126482728972957403e+01
2.135065199174504613e+01
2.364797014520638285e+01
2.099997630032961737e+01
2.182622352019308565e+01
2.363031539022224692e+01
2.067811683134826595e+01
2.186326997584290766e+01
2.515910783472592271e+01
2.290242707237637276e+01
2.278429321040886535e+01
2.415473023023340815e+01
2.345382477637631169e+01
2.021463306722271369e+01
2.450701677011179314e+01
2.411412666692026008e+01
2.182652383070290725e+01
2.163834587711867030e+01
2.227257834020548444e+01
1.923413780929967132e+01
2.130088636168997951e+01
2.323618136205843498e+01
2.126697583743954567e+01
2.243513136826010523e+01
2.351322806057057235e+01
1.930437918568318878e+01
2.341315365156917494e+01
2.230756332987012769e+01
2.336420914323534603e+01
2.151127031945545909e+01
2.214864982225718748e+01
2.101530405088229969e+01
2.474307487181010146e+01
1.919408783510746730e+01
2.499923962863386251e+01
2.056380771564471743e+01
1.734487851061728492e+01
1.910399993893233273e+01
2.400662569595700191e+01
2.059716485103539441e+01
2.555614583236538806e+01
2.356581594865071949e+01
2.334581340561481611e+01
2.147436857806729193e+01
2.070708597443620747e+01
2.196667235418814101e+01
2.353648364681911787e+01
2.303548064766837555e+01
2.317676741644060812e+01
2.220720608557897791e+01
2.506937622325657244e+01
2.393309418200493255e+01
1.981514437801416761e+01
2.143885564633076157e+01
2.166000141446387772e+01
2.198403305521511442e+01
2.784314772569204166e+01
2.123812265273344124e+01
2.248219485892406766e+01
2.524153157562757244e+01
2.109342111818852317e+01
2.217323070123546813e+01
2.086236170656931321e+01
2.057393888085103839e+01
2.295212759858193863e+01
2.387082917169312779e+01
2.312655795682044158e+01
2.286272184735545210e+01
2.064682225928996928e+01
2.168971394474166203e+01
2.325150331009015048e+01
2.274526165144302325e+01
2.166048680371417134e+01
2.164972586750189976e+01
2.034287147053325739e+01
2.162081424677336017e+01
2.163300225818564115e+01
2.277799982354351016e+01
2.185557530958184458e+01
2.347712495062797444e+01
2.244172675784529147e+01
2.562480546472641763e+01
2.299419833878643615e+01
2.165950783308722194e+01
2.224698566955904155e+01
2.238937182122099046e+01
2.487967955308704049e+01
2.196064511442144251e+01
2.359616188955079252e+01
2.492736224069708939e+01
2.283077426314134684e+01
2.716970320021897578e+01
2.478624833076153067e+01
2.156058476873630880e+01
2.154899565762669766e+01
2.017442025761674529e+01
2.446761249928790605e+01
2.042252760015455593e+01
2.157231575198668594e+01
2.244533642183404254e+01
2.228057618497970438e+01
2.178816445184569162e+01
2.011357060539515373e+01
2.489044722815371813e+01
2.146927582492043740e+01
2.269647502594563093e+01
2.412817958605535651e+01
2.194418508518196020e+01
2.611122737330690313e+01
2.293177718839994483e+01
2.286449206244918386e+01
2.194454431942276074e+01
2.252959100269211845e+01
2.235153204704976559e+01
2.169787201353927841e+01
1.931259170268614511e+01
2.071620652737905743e+01
2.216578754174379284e+01
2.258908799512193966e+01
2.474481543865218569e+01
2.388771525163274845e+01
2.198024811458257943e+01
2.454145526355008400e+01
2.238647050064445665e+01
2.528128347497479211e+01
2.320973852170635610e+01
2.174614888617332653e+01
2.278041814606510940e+01
2.524411436658451180e+01
2.245463884378929365e+01
2.402541649486212805e+01
2.461302096681930962e+01
2.553648007154465560e+01
2.137935696204547753e+01
2.184908102823079901e+01
2.533215042049291554e+01
2.363532812388666926e+01
2.423271384255943772e+01
2.501638922954150956e+01
2.270561884468105873e+01
2.073396817650764490e+01
2.042570650110402397e+01
2.507371221792209681e+01
2.282121220062452593e+01
2.256624241693675970e+01
2.096834474038206508e+01
2.300863449470303124e+01
2.376345801921548428e+01
2.515126367173184363e+01
2.353143072940772029e+01
2.454943802553280108e+01
2.187487857958769411e+01
2.256538306283038153e+01
2.255204592166771960e+01
2.155213357926860951e+01
2.158751778646886166e+01
2.183008845227031358e+01
2.215167077108617022e+01
2.062355735812085911e+01
2.126460027016563359e+01
2.291197840055978929e+01
2.151017908103791498e+01
2.269706884303995764e+01
2.439588472742890346e+01
2.335310176279320871e+01
2.124545310292528200e+01
2.221700073081727567e+01
2.133153292696300340e+01
2.209484019067266303e+01
2.470004062488436958e+01
2.190486176138233176e+01
2.458093102786527595e+01
2.278919692281185050e+01
2.109595742522122563e+01
2.192961506578560460e+01
2.610082317546894615e+01
2.305745406614277471e+01
2.106321718002875443e+01
2.157353548648731945e+01
2.186880570063037155e+01
2.031773993675318835e+01
2.287347961606548807e+01
2.424394899272244430e+01
2.169530843664252018e+01
2.033575408603679335e+01
2.251135435317375766e+01
2.530750400743633222e+01
2.287639598203161384e+01
2.338442954551914710e+01
2.114663438020366470e+01
2.288153310066674706e+01
2.024973741770132207e+01
2.267035183611401905e+01
2.370363252668655107e+01
2.318580271316680097e+01
2.250178910046485825e+01
2.079185154811141700e+01
2.158097912333212420e+01
2.139424082474158695e+01
2.342974904158331739e+01
2.156574857474583951e+01
2.219625902537571704e+01
2.223747504318812673e+01
2.461191527604923479e+01
1.914307470256555632e+01
2.322670433889200226e+01
2.231634182236872022e+01
2.174796460664024877e+01
2.217112840355615688e+01
2.151658253367484974e+01
2.220479975164199260e+01
2.541250679822069003e+01
2.362663656627836062e+01
2.254928133706634341e+01
2.430308766635489448e+01
2.202437939714732806e+01
2.361741461011604315e+01
2.363054141177036627e+01
2.324228331615232435e+01
2.300919639563916164e+01
2.671327365021139499e+01
2.272295440107129849e+01
2.309867367847791186e+01
2.651663678129943946e+01
2.159224553154874116e+01
2.510316152880858098e+01
2.226354445877480259e+01
2.148908095117150197e+01
2.413603940362035161e+01
2.457375374636296428e+01
2.347232639755808137e+01
2.312482011988769415e+01
2.132439942394426424e+01
2.132091596384383791e+01
1.968191958265255792e+01
2.439645923014385076e+01
2.150609711497629561e+01
2.238771376491533971e+01
2.763893956544901087e+01
2.120903715990498029e+01
1.871493030569104121e+01
1.931514976347118306e+01
2.187135812173605487e+01
2.477564993841183849e+01
2.178104572478309819e+01
2.306715547996141424e+01
2.323146755710511968e+01
2.669102243164904209e+01
2.479606388041487008e+01
2.193252440123277580e+01
1.707249568713762145e+01
2.664725823903696167e+01
2.631226097678868214e+01
2.431362390654231120e+01
2.377608715137899154e+01
2.123003707787761130e+01
2.145015989137629120e+01
2.127942122445598017e+01
2.404101640618872793e+01
2.177558498890241623e+01
2.092390075133743821e+01
2.306409499185788192e+01
1.923038141309190507e+01
2.408140340440215965e+01
2.037162253858920735e+01
2.498618834557260016e+01
2.525178494179940003e+01
2.610860992197784114e+01
2.383927529286968294e+01
2.480025117253691391e+01
2.269785698164884025e+01
2.394952202802461372e+01
2.446329665987730806e+01
2.047906098862334545e+01
2.403651189064504479e+01
2.392412854033212355e+01
2.062973369636637244e+01
2.367601572460358739e+01
2.101853530309836060e+01
2.259124784574039069e+01
2.280714004561182051e+01
2.342288536059994897e+01
2.373284272700459496e+01
2.524510445250793111e+01
2.339736889799950958e+01
2.090395334022370477e+01
2.219200775330757125e+01
2.425960296638693592e+01
2.392876625242298871e+01
1.988335780342083581e+01
2.392423658971787148e+01
2.509247829514443850e+01
2.249109447660434569e+01
1.813403553936831969e+01
2.432144140181766900e+01
2.408366209289888715e+01
2.335354220381471180e+01
2.486958312663242054e+01
2.285294153064728562e+01
2.004119134260358237e+01
2.220173700038715126e+01
2.061356355898075066e+01
2.645091049398342875e+01
2.232726747235538411e+01
2.099785547173781453e+01
2.197215810771735889e+01
2.167069317153023178e+01
1.973438903229818209e+01
2.082203826185082107e+01
2.216237399922248841e+01
2.388282547673332346e+01
1.958776554287750216e+01
2.457604321715718143e+01
2.545755245182508020e+01
2.305095084191113131e+01
2.305937561402581792e+01
1.967219859001640003e+01
2.483732615287524936e+01
2.463982084512310067e+01
2.297974182777524277e+01
2.201320060329945605e+01
2.553203852929198447e+01
2.075428460767740546e+01
2.336481956125487969e+01
2.481736178026755013e+01
2.420554977622331450e+01
2.286564212305372834e+01
2.178123434803184466e+01
2.299823923489698174e+01
1.994954268687198251e+01
2.332321692028175875e+01
2.586170793320738426e+01
2.202543780394007911e+01
2.196049205504521140e+01
2.118479346897999704e+01
2.188669052879320631e+01
2.236982946650005033e+01
2.225451739818308639e+01
2.360424689770256634e+01
2.121351750321759511e+01
1.995646094917747604e+01
2.222076871172896517e+01
2.239049679153312056e+01
2.312747729762283200e+01
2.239382718282374540e+01
2.206893901057281937e+01
2.106165023552997795e+01
2.111858951565652731e+01
2.254640244573405639e+01
2.322529784163896593e+01
2.397423278798864388e+01
2.522014997315451623e+01
2.138611921224989487e+01
2.016296498721099084e+01
2.149659562794388634e+01
2.358764089942421549e+01
2.015158070817258107e+01
2.035416319280241737e+01
2.240421616873933885e+01
2.154630618426914168e+01
2.586970830928587972e+01
2.122114881717422818e+01
2.253658345305917976e+01
2.574778660760976479e+01
2.457164214218684961e+01
2.162936539654619139e+01
2.262457546937179131e+01
2.126287135647456950e+01
2.385152949895945085e+01
2.038556382110584053e+01
2.074426375134608236e+01
2.294645323478031429e+01
2.162652160752042008e+01
2.136798653163326378e+01
2.069194203822596734e+01
2.268355629448392463e+01
2.370220384125439139e+01
2.625179060399239717e+01
2.095689973422900820e+01
2.151345083460366681e+01
2.103343144867321612e+01
2.569668245394189299e+01
2.539038518921539023e+01
2.402575592424636497e+01
2.196102588618162343e+01
2.184610305174988198e+01
2.315306230528339881e+01
2.229895445428118350e+01
2.267297099798610915e+01
2.182573357623905963e+01
2.017046098314376579e+01
2.249612470508736806e+01
2.105084526443564030e+01
2.395568329903232652e+01
2.476000423149378449e+01
2.424795972291851953e+01
2.237989653870052464e+01
2.169133013904895080e+01
2.503228197947134959e+01
2.257382577995971573e+01
2.530899458556465120e+01
2.168745695922705607e+01
2.426879832048105357e+01
2.238654668024335237e+01
2.583309373537366582e+01
2.709246453300595903e+01
2.228475349064651212e+01
2.456376666847003776e+01
2.535778312411754243e+01
2.241010273453104418e+01
2.178979462974182013e+01
2.259410312987464664e+01
2.344265073286614864e+01
2.101541190546605975e+01
2.339396486705262035e+01
2.327995870359395880e+01
2.233427166576617040e+01
1.853539919602050645e+01
2.451115535572457205e+01
2.517845175255609291e+01
2.072470199718655337e+01
2.269529336349308224e+01
2.398313984873928462e+01
2.233941991289127671e+01
2.464430960632579826e+01
2.250079700653145309e+01
1.881093347482008227e+01
2.472223482697015839e+01
2.344347222983278556e+01
2.293114685664400909e+01
2.011061384780174421e+01
2.232388965901136402e+01
2.256624937884254578e+01
2.082656828269873373e+01
2.335904242107220696e+01
2.399066649202348955e+01
2.364117357778875572e+01
2.244729435908501713e+01
2.254169074854546650e+01
2.404548774772711184e+01
2.193282760182824020e+01
2.141313005342105669e+01
2.281751783367181829e+01
2.234077113693163597e+01
2.050833735852215156e+01
2.142758364736647536e+01
2.169221925782331795e+01
2.134363648880086473e+01
2.328228222313407869e+01
2.035387883703755563e+01
2.339766538010199426e+01
2.616359618953204347e+01
2.148596994865398813e+01
2.269980179532018028e+01
2.470466679657752707e+01
2.135968540933121673e+01
2.276940930425441678e+01
2.372433002984592676e+01
2.262051283652230538e+01
2.090561215207526402e+01
2.448487341901385506e+01
2.107662989647901242e+01
2.246012777708812180e+01
2.366293862264289416e+01
2.257755061579351619e+01
2.205840937929824364e+01
2.163660454892340468e+01
2.291622839261874844e+01
2.514441472213888673e+01
2.459524277341097331e+01
2.289730984260491198e+01
2.094312211073674490e+01
2.351475907441779611e+01
2.092255164798386957e+01
2.368052995564262631e+01
2.139788206144187299e+01
2.082819263123562337e+01
2.161901708980049364e+01
2.123711359122279418e+01
2.149013215966108348e+01
2.181960238818944120e+01
2.313259337532280568e+01
2.480834382672703242e+01
2.064511824328073430e+01
2.046747253726065452e+01
2.453598629273566800e+01
2.112501006367374501e+01
2.469827779235437148e+01
2.213465436523734198e+01
2.146596818394371198e+01
2.286573764784285245e+01
2.163021947941974688e+01
2.108225534211921470e+01
2.734987287414014645e+01
2.150515232317769687e+01
2.284321382285054014e+01
1.960333099550389235e+01
2.285257090339703012e+01
2.053967859764338755e+01
2.133055823930245865e+01
2.042661782394774050e+01
2.303203278154878930e+01
2.164604294507835647e+01
2.194301173817861539e+01
2.397636445460204158e+01
2.263055289761614475e+01
2.121839799752512690e+01
2.308175377876068168e+01
2.409407603410896570e+01
2.393019663031932964e+01
2.468583940606379912e+01
2.635520077620016366e+01
2.122959058111341690e+01
2.510181402616214541e+01
2.380623075602009209e+01
2.320296859280670176e+01
2.412801899451518040e+01
2.147331791412521085e+01
2.146858277245225821e+01
2.163439171748877143e+01
2.249887360241088174e+01
2.302944920466565293e+01
2.237105230350936935e+01
2.025508109318514727e+01
2.201541802071299259e+01
2.452150724834517703e+01
2.119118791503156274e+01
2.189451988091157730e+01
2.189242379366224611e+01
2.441064148049515481e+01
2.314100737817071618e+01
2.133596405710332178e+01
2.471930562636386242e+01
2.110877629253665688e+01
2.165924271376771770e+01
2.239300272442340045e+01
2.368768584443748182e+01
2.338942721134156599e+01
2.338464084142799493e+01
2.397217569056265418e+01
2.151354282987780664e+01
2.188457534365277013e+01
2.507771110965077099e+01
2.253304518456392458e+01
2.529264082818785297e+01
2.137784083283479930e+01
2.213319475807492509e+01
2.651286621371527019e+01
2.700727776752130893e+01
2.135472674356423894e+01
2.234803673649040334e+01
2.257518279468030897e+01
2.462913434212200059e+01
2.186187489310150411e+01
2.142074223179340819e+01
1.965108031471246619e+01
2.332644764866638809e+01
2.459958652984897753e+01
2.520355325021068538e+01
2.083350413380742694e+01
2.097874423756106310e+01
2.408084069314353570e+01
2.428043354469795290e+01
2.033536426186411816e+01
2.392045922974603656e+01
2.139136242373756502e+01
1.995962917018797711e+01
2.320683406342841693e+01
2.466069128850199732e+01
2.328188055762980468e+01
2.277755225687995733e+01
2.089192195881571479e+01
2.181333170365271101e+01
2.029746730015738976e+01
2.060034511898760101e+01
2.038947201769712336e+01
2.245759825292073941e+01
2.444766824942604089e+01
2.253511251107977742e+01
2.408310936167555383e+01
2.319226182720787222e+01
2.334177992158624804e+01
2.600288742581425439e+01
2.058286130962361682e+01
2.230829684011453296e+01
2.136594409403377171e+01
2.341055644204085340e+01
2.143870484684799393e+01
2.275919282127129506e+01
2.446046782093883820e+01
2.262549088263330788e+01
2.161650025091001126e+01
2.319528997700142980e+01
2.371250332726823729e+01
2.324104208829362150e+01
2.458376453618048885e+01
2.351471014667830772e+01
2.264197772605248460e+01
2.385630138442647308e+01
2.095572047674426486e+01
2.051506184134310118e+01
2.312647321832992020e+01
2.041195497689021821e+01
2.268048660058152066e+01
2.281180956213542999e+01
2.483538945229431150e+01
2.383466915073297443e+01
2.769481357440195524e+01
2.163901360411546193e+01
2.276989868980765408e+01
1.942886413965413439e+01
2.422384891975307042e+01
2.669126093243619025e+01
2.505437293679434063e+01
2.381277071106363152e+01
2.238498210214013184e+01
2.188856003427689600e+01
2.190836377437598514e+01
2.248712927085603397e+01
2.277389857264963169e+01
2.138456989689180077e+01
2.381178327677015361e+01
1.975326947165496350e+01
2.140444217487584666e+01
2.438662677170700732e+01
2.116458260432920113e+01
2.256899002862613202e+01
2.069987628069522856e+01
2.310920121112287973e+01
2.475948648254483331e+01
1.923631633829493737e+01
2.498582008975701996e+01
2.170557513379206682e+01
2.505051003405869992e+01
2.000231560127280162e+01
2.165551858066005764e+01
2.072054076426390523e+01
2.235273677169794126e+01
2.095084597025152462e+01
2.231308264334039393e+01
2.585913689533038351e+01
1.998721823105762496e+01
2.271579458867605084e+01
2.173202353688679977e+01
1.891184923692834374e+01
2.197408429652864115e+01
2.523333870242057486e+01
2.295935438437865983e+01
2.259951605303181310e+01
2.205064801075577208e+01
2.181134243094128777e+01
2.112558506802006164e+01
2.476189175141381327e+01
2.045405346198224805e+01
2.058444243159060250e+01
2.078109188892135606e+01
2.123512825417752836e+01
2.441588171635695659e+01
2.273358235754421131e+01
2.452916292168692536e+01
2.282601811075595322e+01
2.476699402325711930e+01
2.361288566882467421e+01
2.343493632694374185e+01
2.253161718923457713e+01
1.820140507487314352e+01
2.346054471751944703e+01
2.227946997249784289e+01
2.255139990664535787e+01
1.867606515532158795e+01
2.363478904973370121e+01
2.298857970415861018e+01
2.404737170081859077e+01
2.383498332894621896e+01
2.119942309460471108e+01
2.163630378344373995e+01
2.125860416819000065e+01
2.393402487863823680e+01
2.082236926464387139e+01
2.435088014340570695e+01
2.174712616112211450e+01
2.371777186111885882e+01
2.261451798296841886e+01
2.300931760210343668e+01
2.491485706858286164e+01
2.192511852973711939e+01
2.642239239697981645e+01
2.210243008741012716e+01
2.057513385832199049e+01
2.395072945561073752e+01
2.148908312714822344e+01
2.439578724807833865e+01
2.586691987956086081e+01
2.352680950186419295e+01
2.112916792544911715e+01
2.655265670679890277e+01
2.188089134979992423e+01
2.280919555260727805e+01
2.032814732311026518e+01
2.260438728008740483e+01
2.370775330411689552e+01
2.273404709856990991e+01
2.262877950992142218e+01
2.580633627208566239e+01
2.202976871118358204e+01
2.458382624717255638e+01
2.471861086897444792e+01
2.114835135758848494e+01
2.375876381364019352e+01
2.302979113810672729e+01
2.257982214424763256e+01
2.646696482643049464e+01
2.394731966211661245e+01
2.387271140498458166e+01
2.024817335633963111e+01
2.081606189012767061e+01
2.182889745823753458e+01
2.228983915426587714e+01
2.561179002105910030e+01
2.330642724091493179e+01
2.207358269389242267e+01
2.131251732515016428e+01
2.219266979468731904e+01
2.325967473042784306e+01
2.200134612341512508e+01
2.217833108077461546e+01
2.150614326826444866e+01
2.186379038229127403e+01
2.094447799124781895e+01
2.269845454072482838e+01
2.368357067998507404e+01
1.889627947096814253e+01
2.093381624995049606e+01
2.011247142035100666e+01
2.510254267152458141e+01
2.060139173715059613e+01
2.336741290779001545e+01
2.126441983601464614e+01
2.175725721565174098e+01
2.366972716529406640e+01
2.427114421888205698e+01
2.368521083870934518e+01
2.005490978911243971e+01
2.280320689979963689e+01
2.647775210612179464e+01
2.317436518196220518e+01
2.388404371736018561e+01
2.364129424554761627e+01
2.149925235488724695e+01
2.194078653085170671e+01
2.356469750194272805e+01
1.891777893622610307e+01
2.427387664670923684e+01
2.396384954742345741e+01
2.339637395824694721e+01
2.298001742603225495e+01
2.251565917756940749e+01
2.255986326606686632e+01
2.258135858636344651e+01
2.362711433056811927e+01
2.101522883049952739e+01
2.187886430193731613e+01
2.349438551066083747e+01
2.275835933228503549e+01
2.430148010935590364e+01
2.099764873722050496e+01
2.192255313048734422e+01
2.186406430776623111e+01
2.477216452584845996e+01
2.002945802561806943e+01
2.235249465862032991e+01
1.969525863675907829e+01
2.531463817917608949e+01
2.234574621274026995e+01
2.416352473783089394e+01
2.405225182793640926e+01
2.031196108927264277e+01
1.992492676698579146e+01
2.238368227106474961e+01
2.317829332383462670e+01
2.079219678954514094e+01
2.310242017012809157e+01
2.252216594625435775e+01
2.505489868338507975e+01
2.223070906759633658e+01
2.314283761575662268e+01
2.398345829787807304e+01
2.192842543890233031e+01
2.404193418675015081e+01
2.469419704326212184e+01
2.435364130617571021e+01
2.345558498435334371e+01
2.436522699699736449e+01
1.869248127478107691e+01
2.236949600760317480e+01
2.294867134023842326e+01
2.383498808383111012e+01
2.316594044843789035e+01
2.206714718515917184e+01
2.348030167038842464e+01
2.461047071173600642e+01
2.702801128001502917e+01
2.120547298364506617e+01
2.160892938759023707e+01
2.137591753912034065e+01
2.174338415696607640e+01
2.103386355364940741e+01
2.092886721033096009e+01
2.140903570186675253e+01
2.550840913026490497e+01
2.318339730349228134e+01
2.223240570501240754e+01
2.238881795455750279e+01
2.352151356714888308e+01
2.313655234389691273e+01
2.340923675603204401e+01
2.277812186910130166e+01
2.348113917460131361e+01
2.251143870787879919e+01
2.390626387334115321e+01
2.333468131401026469e+01
2.270167506577101335e+01
2.399590372029837937e+01
2.173927140710208761e+01
2.163722923498351136e+01
2.201716583110635739e+01
2.354332415945779289e+01
2.246111166395429848e+01
2.053561711538912959e+01
2.305168617437935552e+01
2.535407451447694882e+01
2.260736975515182579e+01
2.099039606032168948e+01
2.417811469837073446e+01
2.466263480775819161e+01
2.258185110007482876e+01
2.029538044809252995e+01
2.160268719850501640e+01
2.338133285366698644e+01
2.093905716184281118e+01
2.354049279928934979e+01
2.121182065005022466e+01
2.114097120362350424e+01
2.142270227198329380e+01
2.381791140971568055e+01
2.360774639789074314e+01
2.204814630514005813e+01
2.502379043398584813e+01
2.259427774102915976e+01
2.324809647428849857e+01
2.436173593936419124e+01
2.323165092454637204e+01
2.045609855279037248e+01
2.267197423679061785e+01
2.198576099282533391e+01
2.175255352263518205e+01
2.187933401699571689e+01
2.314409816804958098e+01
2.300254592752308369e+01
2.208693648150845590e+01
2.649572677265191700e+01
2.063677987479619702e+01
2.375985376028535256e+01
2.351402216864524064e+01
2.123072775501595899e+01
2.589855120429995239e+01
2.206325071447345820e+01
2.345541251708334229e+01
2.033105941497304414e+01
2.351685892259525801e+01
2.030884411927465294e+01
2.153745134816673001e+01
2.140927773947045765e+01
2.390779322880104729e+01
2.111863787852785990e+01
1.966291995348433019e+01
2.248798553617956131e+01
2.455363916321391216e+01
2.319669251311974634e+01
2.332962743187068710e+01
2.220028899373023279e+01
2.196088271049902829e+01
2.349220602101556210e+01
2.227198112775924699e+01
2.282469575958929298e+01
2.447961263902331197e+01
2.091984279849623007e+01
2.096752239491946668e+01
2.128633085909531886e+01
2.348936883594435088e+01
2.049177093422019880e+01
2.319980657501100296e+01
2.103508823917765369e+01
2.552832374333634036e+01
2.488400069589415864e+01
2.151580686362451544e+01
2.204236274929279560e+01
2.307757924666927707e+01
2.320986570913178682e+01
2.220022693828066807e+01
2.336830327087614378e+01
2.251479721634148135e+01
2.344887094755231871e+01
2.236866786537516916e+01
2.251051940704358856e+01
2.271491213097578310e+01
2.657910049913345674e+01
2.497710301734586835e+01
2.329413961468722860e+01
1.963890163482988527e+01
2.326357411866078095e+01
2.053798591427317888e+01
2.619303100505052129e+01
2.132642010816459432e+01
2.450377276852725572e+01
2.121598728512390508e+01
2.460535250005887775e+01
2.145437464649890202e+01
2.197909057264060451e+01
2.147687067674326045e+01
2.108363018352417839e+01
2.396807329097828898e+01
2.631969894958855960e+01
2.314686201411093336e+01
2.472294192950461422e+01
2.122935053044070841e+01
2.161651909272488581e+01
2.123092281064538156e+01
2.169530758227845979e+01
2.069527179017369889e+01
2.246113799260480448e+01
