2.551537504370755016e+01
2.592358271513338863e+01
2.610824414913320624e+01
2.833281172355867739e+01
2.313271703659865608e+01
2.444999586405382175e+01
2.472869677031112090e+01
2.615804272949187137e+01
2.266212174877985674e+01
2.278948859383667980e+01
2.270445076303297682e+01
2.497428378242831570e+01
2.483450654780153499e+01
2.432793691964761251e+01
2.456269017795020559e+01
2.307323794825246566e+01
2.471307950250132635e+01
2.795893275811353718e+01
2.533678016905883723e+01
2.378423963641044381e+01
2.284468080397220291e+01
2.502332214378481368e+01
2.577175409478428847e+01
2.412035156746557973e+01
2.221498611236537712e+01
2.184652548560996266e+01
2.490024494005775324e+01
2.700788411930087918e+01
2.742863465398747280e+01
2.363578309389985321e+01
2.322004674835003613e+01
2.385764524684057264e+01
2.310123165227887654e+01
2.398054018911679464e+01
2.556664462740548061e+01
2.203795917734654353e+01
2.607122233376166776e+01
2.689567656213848323e+01
2.606398654768684864e+01
2.445051088805282546e+01
2.200745889156930701e+01
2.434905441165106765e+01
2.597401694086813961e+01
2.521649013393191296e+01
2.594698448610015262e+01
2.425982752147503163e+01
2.458707095675157106e+01
2.329646898085021078e+01
2.692788236405191427e+01
2.235392376309149043e+01
2.328392167573802851e+01
2.355393373103362364e+01
2.614560275631151853e+01
2.032809136476960532e+01
2.292589377505828807e+01
2.454083021961636391e+01
2.401311680472349508e+01
2.524713270946207544e+01
2.491312506614456268e+01
2.424405461695467423e+01
2.646869952758786582e+01
2.427094651165278449e+01
2.274538642863541327e+01
2.316821087265604007e+01
2.627863110184761197e+01
2.312457303197002290e+01
2.511012861561069798e+01
2.431862745979715257e+01
2.336584804310728458e+01
2.296174915910512127e+01
2.193086115410043035e+01
2.542064257148643236e+01
2.226331133988129096e+01
2.359293143550248573e+01
2.503673027147700481e+01
2.162192426042213356e+01
2.356332580927810838e+01
2.561407085121458849e+01
2.307204445045905317e+01
2.423146033844441050e+01
2.581826983487642124e+01
2.497819331016775024e+01
2.163342442693788570e+01
2.677710036237075286e+01
2.451982118313848602e+01
2.324163213876434497e+01
2.536780591574745714e+01
2.348351358384091370e+01
2.196223308356400139e+01
2.281955288945814075e+01
2.545223570982313177e+01
2.171605775000769256e+01
2.322813169265113231e+01
2.405420255384584038e+01
2.022066446232907921e+01
2.507198504900431857e+01
2.220511134822601207e+01
2.522021948758968435e+01
2.243127276947685189e+01
2.259855566168135610e+01
2.286597711579458903e+01
2.617305488966784921e+01
2.170591955912819770e+01
2.534506501792978383e+01
2.270961802371702021e+01
1.954065902587589676e+01
1.903096211154501916e+01
2.447767277554672916e+01
2.446441096739336984e+01
2.620839541578493836e+01
2.307319913278932333e+01
2.338837840829464909e+01
2.320774559017199579e+01
2.187870472210959960e+01
2.231760133668577240e+01
2.593841818690080103e+01
2.544882100546162462e+01
2.457892521573439737e+01
2.442434586335111035e+01
2.470569098478881997e+01
2.439901480666280875e+01
2.249988339085216182e+01
2.226950288674636980e+01
2.425492421868088755e+01
2.200790090667404897e+01
2.739968904894591972e+01
2.193276698101674071e+01
2.396700189998970387e+01
2.480105658404977120e+01
2.187326039801171618e+01
2.522039755810535766e+01
2.160506716336185207e+01
2.197881698359516278e+01
2.542028802308391278e+01
2.578523019708398323e+01
2.389092108360729938e+01
2.387475946499688817e+01
2.189778413599499629e+01
2.329052047406096193e+01
2.620327140957901335e+01
2.387943837298173477e+01
2.432230544760687962e+01
2.356180139952491714e+01
2.349925344539475347e+01
2.368018004648105546e+01
2.504446906440901444e+01
2.300407840062476694e+01
2.367390446255150138e+01
2.501793519991042203e+01
2.259526033376843657e+01
2.725629213461668954e+01
2.565831878705349212e+01
2.230643127322669272e+01
2.330565547946059368e+01
2.333679231224762418e+01
2.473217150157431021e+01
2.369017626836224366e+01
2.591292064317356392e+01
2.605570356551585931e+01
2.350725912528550055e+01
2.711716604254977270e+01
2.569832245830147954e+01
2.275683592286838319e+01
2.016507527745529060e+01
2.135308016461321756e+01
2.436688185457226652e+01
2.177119852177196790e+01
2.256425911305942833e+01
2.313018615491067820e+01
2.296519914515829797e+01
2.185379098589915614e+01
2.370930456247840112e+01
2.617020623726632778e+01
2.280108734092306122e+01
2.420741822723447711e+01
2.340614353998852692e+01
2.312974042916548001e+01
2.803424015116479140e+01
2.526900141490598273e+01
2.362326861861952665e+01
2.337754060527426958e+01
2.436950243545873107e+01
2.322583800207350535e+01
2.252486557623742058e+01
2.073633068773614241e+01
2.246761585452085797e+01
2.352264235971474804e+01
2.228104871456410052e+01
2.541660083470360831e+01
2.462563664304895283e+01
2.240751534536428480e+01
2.554692560619658437e+01
2.272867577290471175e+01
2.475899925518918465e+01
2.412625984033962823e+01
2.375881584752945130e+01
2.442080368968952087e+01
2.618651572054028875e+01
2.349525279769607167e+01
2.576355679121878950e+01
2.595426541453879210e+01
2.599544145760661351e+01
2.157361615423806001e+01
2.273786122298227497e+01
2.642686708522935746e+01
2.386577392540358389e+01
2.523373679718926255e+01
2.595206451937945502e+01
2.499771801771523627e+01
2.270073866516698757e+01
2.202163883612146833e+01
2.627692577284139475e+01
2.454159444383932964e+01
2.260797680759239725e+01
2.202853148510730463e+01
2.389015494903339842e+01
2.523664131444309078e+01
2.712280182519502247e+01
2.266921751950167874e+01
2.498864744247274672e+01
2.341595171685474952e+01
2.265305998177473157e+01
2.349968325260406488e+01
2.352484677545009362e+01
2.221663756705417470e+01
2.220954912088776467e+01
2.391237758151265780e+01
2.349619888417709390e+01
2.330769096422354281e+01
2.407830791778404134e+01
2.518215444179918805e+01
2.371568791056944647e+01
2.461735473683650355e+01
2.435183661757664098e+01
2.249471466735623792e+01
2.279531451519854102e+01
2.200569540528535128e+01
2.238185833442830486e+01
2.511381455062182155e+01
2.263550256189307319e+01
2.655593801629314754e+01
2.449869384681356266e+01
2.247109140908774449e+01
2.382437799527882660e+01
2.676596409491920170e+01
2.384976340625410174e+01
2.137972250308628830e+01
2.294206640162497024e+01
2.415373986708919318e+01
2.278316851866737736e+01
2.346414296343008132e+01
2.411433082239116743e+01
2.406561025251527752e+01
2.337612129855223131e+01
2.421238802372464605e+01
2.500246393888454932e+01
2.475017948683089841e+01
2.617101736338183571e+01
2.167850043002844984e+01
2.347763271348166825e+01
2.114658297610782256e+01
2.394436819162964980e+01
2.607952639573268172e+01
2.331982388415696761e+01
2.411452636242074377e+01
2.243809569249160063e+01
2.407120194205459995e+01
2.333546183639756322e+01
2.513714310412390773e+01
2.377337075194508742e+01
2.200938669280733606e+01
2.458049475399664985e+01
2.551409150272894166e+01
2.201872915173997214e+01
2.440300072336953718e+01
2.238553448934338874e+01
2.333044231484021580e+01
2.295686251333200545e+01
2.294152617592028420e+01
2.388365114363609365e+01
2.642319658229648027e+01
2.569047602348337023e+01
2.384351207179560816e+01
2.317600263723820575e+01
2.495004074453337495e+01
2.331067664790837313e+01
2.542275059105534396e+01
2.410361234902032379e+01
2.184919756303059657e+01
2.687467537351966840e+01
2.332081460308054233e+01
2.545500495323397061e+01
2.458393404750861677e+01
2.384689709587667039e+01
2.474405310360581822e+01
2.531956943520298609e+01
2.443857742284408374e+01
2.613392785674804841e+01
2.465364190271608891e+01
2.336414188073373666e+01
2.334640061034819070e+01
2.175510733255209672e+01
2.317441898639733466e+01
2.165493898210029045e+01
2.656163381009955060e+01
2.225018580574443661e+01
2.365095077625967335e+01
2.715809083962082937e+01
2.180974932755021101e+01
2.111616618032890713e+01
2.069220261411942019e+01
2.280014625051626709e+01
2.625054887918137325e+01
2.181749819476252483e+01
2.439584348046064122e+01
2.496668185882966284e+01
2.775324995810945694e+01
2.604324190615453460e+01
2.456750834687235141e+01
1.934921706330460012e+01
2.527644064566811011e+01
2.724880134400505227e+01
2.438632508612804273e+01
2.352388940149069896e+01
2.105565234807426478e+01
2.163723634588876621e+01
2.341019249656276102e+01
2.456990506449055900e+01
2.377572658135214922e+01
2.362029952798442878e+01
2.309437849127715481e+01
2.119160006889070758e+01
2.338210443734535460e+01
2.148382059788538001e+01
2.804378323519683036e+01
2.531503593464725910e+01
2.519473654103679294e+01
2.567794160114313939e+01
2.646583610777541296e+01
2.265999442768008620e+01
2.474324805679038874e+01
2.387419213325104295e+01
2.144322819557423543e+01
2.309214433073695361e+01
2.345701371419546177e+01
2.162255579541058381e+01
2.436257142274397580e+01
2.426072724234600742e+01
2.196170644246845782e+01
2.279411691253309158e+01
2.366283918509076756e+01
2.333134604815614210e+01
2.561789908320089992e+01
2.441875994430001029e+01
2.202961192426224812e+01
2.381568986159170365e+01
2.423683115681629019e+01
2.582071493200825785e+01
2.120808249972674986e+01
2.508758575180724648e+01
2.659483988594625359e+01
2.278292919826724017e+01
1.889040466362272497e+01
2.559221405608517941e+01
2.600120296308304546e+01
2.368071234189424956e+01
2.673043050810299803e+01
2.406816392271559124e+01
2.186229320658011233e+01
2.382425271730114957e+01
2.222476697567639903e+01
2.896111801994687340e+01
2.424808705750486126e+01
2.246916434681536856e+01
2.389997193130721342e+01
2.411295683759368202e+01
2.115539004151900571e+01
2.293725236608151619e+01
2.341417455574471518e+01
2.529413962049794762e+01
2.185125287455488419e+01
2.640095619629789780e+01
2.558965327297137193e+01
2.334395659758246211e+01
2.520808610961520557e+01
2.250608370189044649e+01
2.423130492722388496e+01
2.499313589427063320e+01
2.508684608710031583e+01
2.373392772427414954e+01
2.528777400907538464e+01
2.123643227683437118e+01
2.558587542435700257e+01
2.604287283128368813e+01
2.628802478606850102e+01
2.248869404439419739e+01
2.254026043772717003e+01
2.298861129630341082e+01
2.128568003448956247e+01
2.491093880289130880e+01
2.828777026514667625e+01
2.360164165377353029e+01
2.350034495245408550e+01
2.241193740078627883e+01
2.311075596187741610e+01
2.435310019545818605e+01
2.242434645996395304e+01
2.457258004920609551e+01
2.203621480786872766e+01
2.253311357909657175e+01
2.308779951567759525e+01
2.365127187620964122e+01
2.343977716475061257e+01
2.410022379895841738e+01
2.301855835907209880e+01
2.184687394488222978e+01
2.233920365048793855e+01
2.488304379894814033e+01
2.460159959152750631e+01
2.394344737177245008e+01
2.595883046271903893e+01
2.302829880266955698e+01
2.262022266431902651e+01
2.240430963744234205e+01
2.495916242358009285e+01
2.390448338046436660e+01
2.210283906953233313e+01
2.285340537000988448e+01
2.431715390321530279e+01
2.642969585795695409e+01
2.312610098045342610e+01
2.275815556667613748e+01
2.387165051958677253e+01
2.514096217681630918e+01
2.337458437676649226e+01
2.299782113143205109e+01
2.468947741050229538e+01
2.419099100345654207e+01
2.105939024611576826e+01
2.161084472539944557e+01
2.507650504867050500e+01
2.198663153925042479e+01
2.274804027642145599e+01
2.182557375907951069e+01
2.512233210916184234e+01
2.399687830401666133e+01
2.571897429317910166e+01
2.260704700274554568e+01
2.178903386637020034e+01
2.270480288218194431e+01
2.670593998183441542e+01
2.641731782633933889e+01
2.428852473250150013e+01
2.274377163989419870e+01
2.183138808524947549e+01
2.414693593400915361e+01
2.348484628718230738e+01
2.459365884704892835e+01
2.190074175882473639e+01
2.286974945535965276e+01
2.442248044661473827e+01
2.263275129990938339e+01
2.619391701386733828e+01
2.534685484914448139e+01
2.434105162567868774e+01
2.632187612032640800e+01
2.272359955332444414e+01
2.544609587609516055e+01
2.404270338019246012e+01
2.466845357826719010e+01
2.265732647000335120e+01
2.658479906733814246e+01
2.372557601598248311e+01
2.556302253513168310e+01
2.644456704317154561e+01
2.376164529672066905e+01
2.531893221246214054e+01
2.530244500651865991e+01
2.364517486395341450e+01
2.320597416052546436e+01
2.247886919714421339e+01
2.576945609308016572e+01
2.446521202843848641e+01
2.394281363809107077e+01
2.612857821655833845e+01
2.240519952195003128e+01
2.094286951373962680e+01
2.556267813819427559e+01
2.306823172534606670e+01
2.233583170380837046e+01
2.388814273879293992e+01
2.446536715031071552e+01
2.481051379117821298e+01
2.577470602440563141e+01
2.271102593127288216e+01
2.169115265799782577e+01
2.494607190816396169e+01
2.349717155630128573e+01
2.534391255636274209e+01
2.114719982656647090e+01
2.441607648606852621e+01
2.376532837287785327e+01
2.240081856703135088e+01
2.505774689231270713e+01
2.316908603053666127e+01
2.617280193130714139e+01
2.362724620896670658e+01
2.517616663931202936e+01
2.407465981898160834e+01
2.306742029747066525e+01
2.125721637985506973e+01
2.389206883381391933e+01
2.338669725323942572e+01
1.863135802554477749e+01
2.345458201571977597e+01
2.301313664839102913e+01
2.305986977705497054e+01
2.401767094968469962e+01
2.134809599448154671e+01
2.479910014497349735e+01
2.768038271956396201e+01
2.303150874412066429e+01
2.595068865578941342e+01
2.500178103726713985e+01
2.206952638794115273e+01
2.304071979073766130e+01
2.482758700777555561e+01
2.505115331963955683e+01
2.137845452775268740e+01
2.618268984066659044e+01
2.189819608885501978e+01
2.461262273042533977e+01
2.531975296518029239e+01
2.297148457182257886e+01
2.435974029923863426e+01
2.198665941049359063e+01
2.436340833131184880e+01
2.525097327533267588e+01
2.569411928213251528e+01
2.314441189416768907e+01
2.422415857127532135e+01
2.375934002584749649e+01
2.241068102914761440e+01
2.471274780738795940e+01
2.330555411981668001e+01
2.224943162357380544e+01
2.410357195179910406e+01
2.372608318470138400e+01
2.415985779953776813e+01
2.374066240643847436e+01
2.471216121604880556e+01
2.469920271556330960e+01
2.209626406230114881e+01
2.114421013328723475e+01
2.737879780044928424e+01
2.270989861614797434e+01
2.604497432793089118e+01
2.255385009617410219e+01
2.194722250749512327e+01
2.472182373239876441e+01
2.121393514110402734e+01
2.169030646240890547e+01
2.842612342510227208e+01
2.123051132305049293e+01
2.267430610098617549e+01
2.251285430053262360e+01
2.424988863873871736e+01
2.211649289337674062e+01
2.287153113406569460e+01
2.111394486433145445e+01
2.330584676445355186e+01
2.278493045937024419e+01
2.326512898037108457e+01
2.390508913303724370e+01
2.321012153732824146e+01
2.278577081741893906e+01
2.542663828461706288e+01
2.499325192471347279e+01
2.514330135846878989e+01
2.488082891177300837e+01
2.733936973845896290e+01
2.248516147211899607e+01
2.772639188687673339e+01
2.476746665989256968e+01
2.339211969854287787e+01
2.504636454520944966e+01
2.354635008196607515e+01
2.436002117865182726e+01
2.353003854447225152e+01
2.313816067449440794e+01
2.288947363069910068e+01
2.315360934886837541e+01
2.230970679162063419e+01
2.425908002980056111e+01
2.504758976123664738e+01
2.032561240106756273e+01
2.392201925595314904e+01
2.268305519655678282e+01
2.782107291087449141e+01
2.371204596927041663e+01
2.324410671229368575e+01
2.644304800912362907e+01
2.049343396702565556e+01
2.072755783264967988e+01
2.387355080534747387e+01
2.498308152227673418e+01
2.536965170344571519e+01
2.335523350799345366e+01
2.444945016463318410e+01
2.263007208816108218e+01
2.441587081132328052e+01
2.635373202752866106e+01
2.269749386298979843e+01
2.591182470651457947e+01
2.476223519702283582e+01
2.532052048829715574e+01
2.806003019838207280e+01
2.574047677858425942e+01
2.326311821737756347e+01
2.496620311250188351e+01
2.347787393191902083e+01
2.587136257912587212e+01
2.455473117802579708e+01
2.340097048626643428e+01
2.275815518718998476e+01
2.400992576969623116e+01
2.601521841243200583e+01
2.770690882894614049e+01
2.387190923538461362e+01
2.237371757009141149e+01
2.567205847440114397e+01
2.520891777289190827e+01
2.061956720945766364e+01
2.456028903276291686e+01
2.305529672101698679e+01
2.254310642210001703e+01
2.542544637794517826e+01
2.555851386684905080e+01
2.510921358849430263e+01
2.457635564605387302e+01
2.078181906460819661e+01
2.358587150496755314e+01
2.250187199389502624e+01
2.220358697102134116e+01
2.057688717760524000e+01
2.318544168594467081e+01
2.730246559833649656e+01
2.273266853623213279e+01
2.538708278370764049e+01
2.465465674179075606e+01
2.438879178307579210e+01
2.655395522071211900e+01
2.423524067708093099e+01
2.083313537129789594e+01
2.215753931904254870e+01
2.466107977018985764e+01
2.371790270916678267e+01
2.478489812650053281e+01
2.533041644346371513e+01
2.397600509452447781e+01
2.425298870529556439e+01
2.425552872242437275e+01
2.444675188247754960e+01
2.419193694622038748e+01
2.532499281272275127e+01
2.492171442050947050e+01
2.448480681027384165e+01
2.483383827910844133e+01
2.384208248814651299e+01
2.342922369225906110e+01
2.386270754574406894e+01
2.222175760794208799e+01
2.421561888965845100e+01
2.332873485675053615e+01
2.532274103350827232e+01
2.421222766024950346e+01
2.699120946883557082e+01
2.305857602946011298e+01
2.391503562923855597e+01
2.163218384801205474e+01
2.532822561822442253e+01
2.657033477344747752e+01
2.516456217896861247e+01
2.451918928596459679e+01
2.382296344073728633e+01
2.228187030120453826e+01
2.312706559775673298e+01
2.484644879523236938e+01
2.260493377511469504e+01
2.228333559110084394e+01
2.450584369205416735e+01
2.186056216353224713e+01
2.160918155008733876e+01
2.650719467528917761e+01
2.213047307739539704e+01
2.301663842332835230e+01
2.090028189408207027e+01
2.537478933039161078e+01
2.630801989598593948e+01
2.200859514764465175e+01
2.527945205258811256e+01
2.344196502578237684e+01
2.518415035402147595e+01
2.209701311814700730e+01
2.267442784026044578e+01
2.161872393714460117e+01
2.280187928189840463e+01
2.320724411423152844e+01
2.378733709833975851e+01
2.645435282496382712e+01
2.214851843445402579e+01
2.408403998427031567e+01
2.397864789749644743e+01
2.178173504565702601e+01
2.442479237188080887e+01
2.592513286193926803e+01
2.321058168567469338e+01
2.300197287054356821e+01
2.447204548348818776e+01
2.200665558278717171e+01
2.436327552104292948e+01
2.547431453169359017e+01
2.058220820800330486e+01
2.094615127074503746e+01
2.181519041887263199e+01
2.413191234504543914e+01
2.502935280176007993e+01
2.324679362170769892e+01
2.565766435180151106e+01
2.491731193997648219e+01
2.554136140379382880e+01
2.337477280100715404e+01
2.426203656304499034e+01
2.136353792214037384e+01
2.157216142565141226e+01
2.405151337121793276e+01
2.201609398937742412e+01
2.396302697727600162e+01
1.995118888051575468e+01
2.318926883598347644e+01
2.339055207817122195e+01
2.551015768234206149e+01
2.512300161680594357e+01
2.314088939610721241e+01
2.400520589465695664e+01
2.282430946487928836e+01
2.714240189825230942e+01
2.193994962694531026e+01
2.359734326125882475e+01
2.460049458087400609e+01
2.416388548089096844e+01
2.374439678359760464e+01
2.533496590348299193e+01
2.587742318212728776e+01
2.370542977578611499e+01
2.784634551092176480e+01
2.316847728653840832e+01
2.272408273225990882e+01
2.478890229021112646e+01
2.323019054990582077e+01
2.524848939545304560e+01
2.661700425567963535e+01
2.415796119337194625e+01
2.224242009904178019e+01
2.583243685697878078e+01
2.131542209359846396e+01
2.362549265669757048e+01
2.344732405487233962e+01
2.478922823606285775e+01
2.552654892126909303e+01
2.224255160041268908e+01
2.403243625668465100e+01
2.597334124096451902e+01
2.494871520363194861e+01
2.410412514499579828e+01
2.559414056055500453e+01
2.202658008949256185e+01
2.530204164331403405e+01
2.572413471431063670e+01
2.424244269626000303e+01
2.620986013748385801e+01
2.640104579572721022e+01
2.531837038817646146e+01
2.236042316727104051e+01
2.241959327460983431e+01
2.178745467095608745e+01
2.553289171010051106e+01
2.617921212180335644e+01
2.403846894311811511e+01
2.296005168318956535e+01
2.205668129812868372e+01
2.402898814143889794e+01
2.347493806483985068e+01
2.386076542704912384e+01
2.416176404962378399e+01
2.159265424149710810e+01
2.396488537064757551e+01
2.273575880217230605e+01
2.129690870117311619e+01
2.569915274529281035e+01
2.020511481055582337e+01
2.221047782062633758e+01
2.116938190488441407e+01
2.502765576638370959e+01
2.260302008718366551e+01
2.587656520233961999e+01
2.196163863832061480e+01
2.395032294068356293e+01
2.552137324542711028e+01
2.482811253523194139e+01
2.486462417104148059e+01
2.175176778101561936e+01
2.436722735749440361e+01
2.717984215725170216e+01
2.494228310562502315e+01
2.621253908145506273e+01
2.458262556266981136e+01
2.269488117828253593e+01
2.353002402105141044e+01
2.327058564903801496e+01
2.143820651076377004e+01
2.691335399184460542e+01
2.496478406649027448e+01
2.481894212885746498e+01
2.365854783656759253e+01
2.405896958574924938e+01
2.335012948427820234e+01
2.392648199997631053e+01
2.402029302482973705e+01
2.266764166572867722e+01
2.425876309577666490e+01
2.273999053951762406e+01
2.475956997925752390e+01
2.527000305982122086e+01
2.211775931885251367e+01
2.349431125810983900e+01
2.414738425941528988e+01
2.924366735037886045e+01
2.147782179793406598e+01
2.573243207897838047e+01
2.094557493703039341e+01
2.590053086557493600e+01
2.199752433158996823e+01
2.391375336817952757e+01
2.351762353756701884e+01
2.207287169874554777e+01
1.931680640260265136e+01
2.195919962147072368e+01
2.445411398955469551e+01
2.552631452521045219e+01
2.479635243767766184e+01
2.626451793211213470e+01
2.618050460450458417e+01
2.435640732416915100e+01
2.356458915866346970e+01
2.453422436417328001e+01
2.401348764193173224e+01
2.489019463621812989e+01
2.415405125486872251e+01
2.363296532756141488e+01
2.438759464979899150e+01
2.494772569270902096e+01
2.016406661050626070e+01
2.434661195111477028e+01
2.289674844952618571e+01
2.501947210944711486e+01
2.462712722123130149e+01
2.238219800841919493e+01
2.339903740865522508e+01
2.606870119850794509e+01
2.691820666587833344e+01
2.205935675518484018e+01
2.350545417240801171e+01
2.205217950550521167e+01
2.241691859706613599e+01
2.182727876656513999e+01
2.242257942670097393e+01
2.352544715476281567e+01
2.511133462993191756e+01
2.581539287191692011e+01
2.276192310953477360e+01
2.321577171223235680e+01
2.462131001963465593e+01
2.360039618605511080e+01
2.446876581935449835e+01
2.590873990830401397e+01
2.414599877884563739e+01
2.225720558805031146e+01
2.372061581112089712e+01
2.385385630586466377e+01
2.285713293220470277e+01
2.439985271451187643e+01
2.227253850801206525e+01
2.278216093642155471e+01
2.346209883893441628e+01
2.397563041740794176e+01
2.474843755746408291e+01
2.199245772779747554e+01
2.557427499353302736e+01
2.599013768440546457e+01
2.491172061564354223e+01
2.172384421696384749e+01
2.408182005966821748e+01
2.664952079140241992e+01
2.337301592398940286e+01
1.960094433424296412e+01
2.282750753996985082e+01
2.359871811917655293e+01
2.370877631885415937e+01
2.387307393814539935e+01
2.147557058672681407e+01
2.236217964558565541e+01
2.250081236487836378e+01
2.288893083168848008e+01
2.389875868094116029e+01
2.309528775992524530e+01
2.795125556038196279e+01
2.238688599226685483e+01
2.530862489827006812e+01
2.621243556277440234e+01
2.392722989961430713e+01
2.326761404457835170e+01
2.284982432887557735e+01
2.279217297840514078e+01
2.350995679751774148e+01
2.293422793425021666e+01
2.467187044250043826e+01
2.682560261906659704e+01
2.350511848959586914e+01
2.653791931823422345e+01
2.007825082746703416e+01
2.439126609217944619e+01
2.368228636833404721e+01
2.443230127741679780e+01
2.580042393210363016e+01
2.341033866709866018e+01
2.400083160360527046e+01
2.093575935336025040e+01
2.498878524372711851e+01
2.000966240912254079e+01
2.315173844545573090e+01
2.354833151794247925e+01
2.465674521341854231e+01
2.216281425745806288e+01
2.174798448253427452e+01
2.316232361728716427e+01
2.578221616022261031e+01
2.277784537135554643e+01
2.412018194846671193e+01
2.159766001018753556e+01
2.242421381750894938e+01
2.497826288143476603e+01
2.212266440219381280e+01
2.274509234425054061e+01
2.579039215027566101e+01
2.318023106023470703e+01
2.226155320100917123e+01
2.400463061885634275e+01
2.215483802048250439e+01
2.298328913686848551e+01
2.416828839083919434e+01
2.322442268139543131e+01
2.694459059041658122e+01
2.639145149290866499e+01
2.435775203328462624e+01
2.336927500119925583e+01
2.271420270500653871e+01
2.607732976803585956e+01
2.353523108126101704e+01
2.631882441781269932e+01
2.465804124299551248e+01
2.317895741987671343e+01
2.272087793485909657e+01
2.458028624124666806e+01
2.411981771072158764e+01
2.566894946901636132e+01
2.457376320028299688e+01
2.344964156860009652e+01
2.255849342721383977e+01
2.593098815044959338e+01
2.259587218596661629e+01
2.528689827079170982e+01
2.250105237927365920e+01
2.521395314599380200e+01
2.269630129705957700e+01
2.472188419037496843e+01
2.401225526785716013e+01
2.438178360446465831e+01
2.400136863454058300e+01
2.211826704893237405e+01
2.415725286925615833e+01
2.718813863653197771e+01
2.445882481030853839e+01
2.338908436517379030e+01
2.289627723713061869e+01
2.370974578282389089e+01
2.328801195459824314e+01
2.180632811164867846e+01
2.129042659320689523e+01
2.291062239889833307e+01
