2.466442474886522263e+01
2.646649637990751813e+01
2.409339462901214191e+01
2.490236854911011477e+01
2.093079590506385657e+01
2.307768235289002945e+01
2.295102161363899995e+01
2.553971293712148238e+01
2.294056344395874447e+01
2.046986706623388841e+01
2.239604578481198160e+01
2.372920921689730278e+01
2.494860092288391940e+01
2.367340449785960388e+01
2.341606330582707329e+01
2.113907445654459138e+01
2.316758149399817768e+01
2.662101839783253610e+01
2.388907589705863899e+01
2.245995737340275866e+01
2.079750480008937075e+01
2.334221186274869453e+01
2.537730245764744197e+01
2.170055130926408538e+01
2.101135100712187409e+01
2.084447543147058468e+01
2.339826265102270142e+01
2.507193950296475649e+01
2.549207295707603649e+01
2.363685251556458766e+01
2.424049066369344985e+01
2.299516814614637994e+01
2.220102788839314556e+01
2.287116039803687073e+01
2.394919346324700626e+01
2.093970795854611922e+01
2.406800381421443902e+01
2.317322469373520732e+01
2.415415198956117138e+01
2.343623992651643917e+01
2.074523127677897349e+01
2.389766193104394532e+01
2.432869150010985493e+01
2.424865763230454263e+01
2.457303088971361760e+01
2.324419529986204935e+01
2.441368434550052058e+01
2.204632398839104468e+01
2.492844678797930769e+01
2.010535457635634415e+01
2.270868653436141926e+01
2.349266165862604083e+01
2.353383702723260029e+01
2.103865561982395960e+01
2.092941910288682195e+01
2.182990809353270834e+01
2.254220081677775056e+01
2.546937373839394070e+01
2.369070941294855714e+01
2.190429252941394012e+01
2.493948236363795345e+01
2.272666684273167803e+01
2.278235428562286202e+01
2.027244518206275004e+01
2.459282270141358850e+01
2.009604328527677808e+01
2.461337826530945705e+01
2.200918422998092083e+01
2.133507654995163705e+01
2.131962589318063195e+01
2.145446810625448819e+01
2.374763287436426751e+01
2.106218484979300598e+01
2.186302584980665031e+01
2.374746763242788461e+01
2.075237277556507109e+01
2.195673797827347684e+01
2.524310186966996739e+01
2.298276223563856036e+01
2.289579912968683217e+01
2.421623794678295383e+01
2.350681879465602364e+01
2.028271152286163570e+01
2.457607778231284357e+01
2.421914795254047803e+01
2.201208761431332306e+01
2.169358296161254174e+01
2.236167807918628725e+01
1.931941851087185213e+01
2.141158907140875201e+01
2.330578685457951948e+01
2.137262461664421309e+01
2.252873495592441344e+01
2.359207077145904918e+01
1.941035147709688147e+01
2.351420598281408303e+01
2.235712281723161965e+01
2.341383014152164321e+01
2.155699998113898630e+01
2.226692998021849945e+01
2.109710453095293303e+01
2.482514439941905593e+01
1.927863079434243332e+01
2.503560704456671360e+01
2.061580994200587469e+01
1.742093739443087941e+01
1.913707107830230925e+01
2.411608405392187748e+01
2.066291345532956925e+01
2.556574984422545782e+01
2.369903773593025775e+01
2.335049138591973161e+01
2.159519246222567190e+01
2.079409327593739576e+01
2.206116364029314170e+01
2.364030148378888541e+01
2.314084862093367079e+01
2.328505060564789275e+01
2.223758684646898942e+01
2.516814609330592489e+01
2.392544256513097523e+01
1.987836010192176062e+01
2.150265405093873738e+01
2.173536655787769689e+01
2.204092414089133101e+01
2.791650241788985909e+01
2.133666314146585918e+01
2.255413514420169818e+01
2.532977607514855478e+01
2.120996237218140124e+01
2.225969504437796687e+01
2.086237611489701393e+01
2.063060677332330428e+01
2.303257434245182012e+01
2.393615738633377887e+01
2.318626057928624817e+01
2.292561959281172790e+01
2.076233991937110446e+01
2.176520676803218635e+01
2.332795064091052950e+01
2.279025673923337791e+01
2.175003004507657423e+01
2.180313157003524438e+01
2.046399621496216170e+01
2.173648484439172179e+01
2.176147239453874249e+01
2.287971699862582398e+01
2.190771377144043086e+01
2.352335762970447064e+01
2.248427900210266017e+01
2.575169384188958688e+01
2.309653003341618671e+01
2.172663858838013340e+01
2.231637048882287999e+01
2.241894722451128885e+01
2.489992166569031085e+01
2.208390577747805139e+01
2.365583501656426435e+01
2.508386173384095841e+01
2.289928004640479031e+01
2.723146389729438610e+01
2.485352420001585827e+01
2.166251864405660754e+01
2.160370217677364479e+01
2.029271770528071528e+01
2.449588662031408148e+01
2.048981454294549565e+01
2.163595881172142654e+01
2.260538010024444233e+01
2.233639043423071868e+01
2.183995099883355095e+01
2.019009801030674822e+01
2.496759998334780661e+01
2.151839252698200866e+01
2.280381527993196045e+01
2.423203799289024829e+01
2.198285285154978652e+01
2.616604432562053617e+01
2.303598698611402540e+01
2.292777881174593446e+01
2.203568658545213310e+01
2.258947003495123695e+01
2.244311254345473827e+01
2.180580377449308926e+01
1.934525484581449462e+01
2.080557012051233556e+01
2.224539483139727025e+01
2.263085582679308061e+01
2.488911347644293315e+01
2.398135715759422837e+01
2.204315811497551181e+01
2.457239650670414477e+01
2.244030942059363198e+01
2.538169806398058981e+01
2.325714409811362415e+01
2.183615577226023419e+01
2.284587030615151804e+01
2.529296819173226396e+01
2.254471499930420109e+01
2.413000899950947442e+01
2.465420873767671850e+01
2.564049716512526089e+01
2.143955481879189406e+01
2.194745949367468185e+01
2.542827419536625300e+01
2.371477200894538129e+01
2.426426247074775233e+01
2.510743243708506256e+01
2.278804026804068883e+01
2.078545046194166801e+01
2.050596409158148603e+01
2.514332846141837052e+01
2.285541115178096661e+01
2.260544532795307049e+01
2.103749532175926262e+01
2.312142788403089355e+01
2.379325486721146987e+01
2.518610559895927281e+01
2.358262853220992028e+01
2.465408073757769003e+01
2.196164909786205754e+01
2.265541548423058060e+01
2.257376794863571590e+01
2.162897145794629949e+01
2.174306879210944743e+01
2.192853698345247437e+01
2.219414006235466630e+01
2.068123238896002292e+01
2.141940033136705068e+01
2.295903959535634442e+01
2.153763639601787006e+01
2.274347379732540730e+01
2.448106786023453907e+01
2.345727962091967456e+01
2.132985043883229892e+01
2.231247431416268867e+01
2.142007019542195678e+01
2.211471458325819484e+01
2.473461875184728598e+01
2.200717452271238983e+01
2.465644107684707365e+01
2.279897562925769350e+01
2.115179968694872770e+01
2.194379444493724662e+01
2.620710652852024580e+01
2.306675787052375171e+01
2.116665484444331113e+01
2.165499113240927187e+01
2.197623682413770752e+01
2.039680255565679801e+01
2.297444780162552291e+01
2.430043903719448295e+01
2.178213066743701276e+01
2.046699806714177328e+01
2.257153233206162923e+01
2.533072680803790888e+01
2.292056229051161154e+01
2.343656322929512470e+01
2.121058580297170337e+01
2.296138513322884478e+01
2.033948727630506426e+01
2.281004118847760864e+01
2.377187158209937934e+01
2.325778367609867914e+01
2.260428005612678248e+01
2.088977023299311142e+01
2.166078197838474040e+01
2.152267293233565937e+01
2.348772616210804287e+01
2.167653061144681104e+01
2.227446648685321051e+01
2.235357376827329290e+01
2.472254181352451141e+01
1.921472140862236699e+01
2.329713934038818124e+01
2.231417637754325156e+01
2.186354593323548912e+01
2.226765060938553376e+01
2.163195692176252294e+01
2.228401214080048831e+01
2.551512122206101907e+01
2.362968541998242955e+01
2.259281135580830480e+01
2.435915586611033845e+01
2.213854593318106367e+01
2.367199634614256709e+01
2.372316955358983037e+01
2.327613484194329985e+01
2.304552520065883670e+01
2.679649583943995594e+01
2.282564790302921054e+01
2.319915025282055510e+01
2.659853564049618413e+01
2.168298922724240541e+01
2.521242978342402097e+01
2.235063283923957655e+01
2.152858369735049493e+01
2.424457400743244051e+01
2.464800915458094011e+01
2.355538052004342475e+01
2.324544347904757657e+01
2.142907602062883043e+01
2.142837793614622299e+01
1.977615343549782523e+01
2.441373681659006323e+01
2.154165952930012295e+01
2.246291187280330348e+01
2.764502264118329222e+01
2.126109524876214252e+01
1.875469879016308283e+01
1.938224899559094894e+01
2.195281582749261062e+01
2.481331009856391745e+01
2.188535717363035005e+01
2.314777509624038743e+01
2.330380338804160445e+01
2.677167841221684697e+01
2.485220632266541685e+01
2.202444131516885051e+01
1.719076235266455299e+01
2.672837966508275542e+01
2.642959007725158216e+01
2.440310090209461791e+01
2.382455736124440548e+01
2.135620229423235372e+01
2.152250967780262414e+01
2.129411820526517829e+01
2.414070474628577401e+01
2.182531323754463060e+01
2.102009782836668705e+01
2.309920936376199307e+01
1.943011403645625990e+01
2.419437851653609428e+01
2.041852577166401872e+01
2.509709467445543041e+01
2.535141383381411018e+01
2.619824814711914485e+01
2.392060855420241694e+01
2.483652488614643161e+01
2.270528761539246787e+01
2.399640321556659472e+01
2.455918219043079986e+01
2.061810932515137651e+01
2.409285574530407459e+01
2.401557564648133081e+01
2.070671562525224374e+01
2.379350976780882121e+01
2.107623157918935419e+01
2.269539143253572178e+01
2.282309428437761412e+01
2.345986280722634731e+01
2.381706220611916081e+01
2.533689766838175217e+01
2.348393287147679942e+01
2.094751041723482743e+01
2.223831490401181910e+01
2.431319767622649763e+01
2.405834120733627302e+01
1.998870984390644523e+01
2.405441274508622485e+01
2.514328558529981095e+01
2.255547416125898508e+01
1.820264162730062907e+01
2.438929109754587543e+01
2.416918274829205515e+01
2.337621362498826727e+01
2.502051777218666118e+01
2.291568688403571130e+01
2.013589439242866064e+01
2.231344308837920565e+01
2.069800434029959746e+01
2.650709265093134803e+01
2.243005330946572329e+01
2.109956089414464486e+01
2.207389909791671556e+01
2.172905350323808804e+01
1.978613508352221473e+01
2.091371079860724436e+01
2.230808873445721474e+01
2.398840989563993986e+01
1.957936293866940503e+01
2.472124722346359604e+01
2.551457679596879302e+01
2.307641529065195485e+01
2.308063361803415958e+01
1.977849747844894068e+01
2.489907302416710522e+01
2.469352034944155960e+01
2.302620334585001416e+01
2.217106522298121263e+01
2.558909149232212954e+01
2.084636560342635292e+01
2.345416389246881295e+01
2.491050819759113466e+01
2.430817187109085609e+01
2.292389616640369709e+01
2.187547775631313485e+01
2.300877173593641345e+01
2.003730270785363032e+01
2.339520002508805518e+01
2.589083993972599984e+01
2.207646114468975185e+01
2.207531286604888265e+01
2.129238033481866665e+01
2.198200751115199481e+01
2.244620561884756071e+01
2.233123709570609350e+01
2.370712435989902644e+01
2.126280173853839983e+01
2.005997668145698754e+01
2.229618809917128530e+01
2.250317544815129622e+01
2.317196738335626804e+01
2.249611195076721160e+01
2.217897424487236435e+01
2.110912079559336618e+01
2.123758401048124611e+01
2.263994540543309952e+01
2.328701238315949595e+01
2.411885870250589647e+01
2.528472034743871077e+01
2.153923283433287494e+01
2.020707110605321688e+01
2.152003426123918217e+01
2.370329871670369926e+01
2.018637129765219740e+01
2.042685587488763232e+01
2.249708948932613239e+01
2.169356075388597560e+01
2.593535474093625481e+01
2.128815018529382286e+01
2.263591716293025158e+01
2.580630193010492235e+01
2.463939254564413162e+01
2.172837003613920004e+01
2.270033186943834025e+01
2.132877229193459456e+01
2.400065258177199468e+01
2.048353248333979337e+01
2.078054143315106828e+01
2.299830646537042256e+01
2.165823023739397257e+01
2.142501790307699139e+01
2.082811344111572538e+01
2.279407254665040128e+01
2.380324083671857238e+01
2.634334798082659290e+01
2.096908843412372292e+01
2.157781478387994412e+01
2.117232370070954772e+01
2.584873998974181930e+01
2.549160657139549713e+01
2.412139893483767139e+01
2.203819576575768480e+01
2.191593208358614575e+01
2.319219505511203749e+01
2.236514925491455941e+01
2.278444620593880288e+01
2.195267408703398360e+01
2.027977135760513860e+01
2.259266221646088013e+01
2.106383025909321915e+01
2.398765285313967865e+01
2.484690091120586786e+01
2.437786254543009079e+01
2.245917980880738796e+01
2.179937910413283575e+01
2.508842797290898474e+01
2.267198925276655430e+01
2.535483972983226053e+01
2.179347659596834674e+01
2.433505631264537783e+01
2.249593276625056149e+01
2.591278502856693322e+01
2.719345291309791790e+01
2.236312500269750814e+01
2.461067011542963456e+01
2.540588210551740644e+01
2.245985687801806563e+01
2.191129564741236990e+01
2.268541749956436959e+01
2.351789000979694322e+01
2.112790791504278332e+01
2.347699496398838193e+01
2.340269454019214379e+01
2.239967845038466976e+01
1.860139225116632034e+01
2.461492634528546475e+01
2.520309415045035095e+01
2.082435769487898369e+01
2.271173469060240180e+01
2.406044552850513085e+01
2.242611274999556059e+01
2.468912382409242312e+01
2.260701350059545689e+01
1.890521305351589376e+01
2.481500249676054182e+01
2.360412447768513644e+01
2.307389177205835651e+01
2.013312201472768592e+01
2.246710795582114173e+01
2.258633671091414286e+01
2.089634451965220663e+01
2.342508044478355700e+01
2.404492731755313528e+01
2.367243586288361001e+01
2.254121564634026242e+01
2.260943642176675894e+01
2.408544987532993886e+01
2.203403040110384481e+01
2.145101512542056454e+01
2.284659719763830665e+01
2.241169697471170252e+01
2.065256181878395481e+01
2.151928226181803083e+01
2.179901067619787014e+01
2.144600047964321377e+01
2.338751834115406325e+01
2.045715849581347001e+01
2.349461006315729605e+01
2.620437217141351383e+01
2.154474047045732021e+01
2.273809964231920944e+01
2.476712181870579244e+01
2.142637968801823689e+01
2.283229640839672570e+01
2.377849098176212550e+01
2.265369716412200063e+01
2.098495005033299066e+01
2.449527190337974147e+01
2.111342313636205503e+01
2.252719907674789823e+01
2.371833576493810014e+01
2.266136937155401299e+01
2.211484171580469749e+01
2.165661153192506561e+01
2.298905261587507809e+01
2.529220117273345281e+01
2.467625576999073544e+01
2.297315775857430609e+01
2.108767521712401916e+01
2.354732571862463075e+01
2.098837356803834808e+01
2.369287034922347601e+01
2.152230422114932296e+01
2.086387393798305823e+01
2.173084531993992385e+01
2.131126502608041307e+01
2.149799460223858460e+01
2.187015261567606927e+01
2.320869811621502876e+01
2.486715333057636812e+01
2.077974666318265662e+01
2.054755257990731465e+01
2.458795105014514704e+01
2.112886341971134385e+01
2.479391172370649343e+01
2.223977424637911326e+01
2.160715212620698367e+01
2.295523477459639494e+01
2.173016593722396550e+01
2.115943409726141056e+01
2.747802657042167240e+01
2.166766604097245619e+01
2.295270612963725654e+01
1.974005837827689191e+01
2.290148362960509232e+01
2.059984354026184050e+01
2.139050669150561035e+01
2.050626077924970048e+01
2.311923953998615744e+01
2.169526012866014852e+01
2.203447010178503618e+01
2.406503821966773060e+01
2.269720072518319398e+01
2.132878154909814228e+01
2.316021777875142362e+01
2.410984559944634498e+01
2.403150069211735484e+01
2.475228033421146634e+01
2.642221905078950783e+01
2.128768355578054283e+01
2.515924996535876090e+01
2.384053804043781710e+01
2.333278842885989590e+01
2.420438249597181368e+01
2.154674348681711749e+01
2.155970279499553399e+01
2.169728270204455356e+01
2.250146413464470285e+01
2.312238017990452477e+01
2.236830584556951251e+01
2.029719265256160199e+01
2.213063504548116711e+01
2.459709192246944198e+01
2.123849417690178498e+01
2.202449290470942600e+01
2.196268389067318338e+01
2.453737730264963801e+01
2.314561603879975848e+01
2.142641859686449735e+01
2.481510234797534764e+01
2.116123117154155153e+01
2.171453368058375943e+01
2.250004465690414079e+01
2.372512616755135895e+01
2.346633235371094983e+01
2.340205131930934712e+01
2.396516234865580230e+01
2.159852389863727851e+01
2.188186888248278805e+01
2.509161628114468101e+01
2.262419649941976019e+01
2.533075185259950146e+01
2.147427473299376288e+01
2.226238534467838548e+01
2.665129243522564551e+01
2.711341266922392279e+01
2.143172768487968227e+01
2.243420025344773094e+01
2.263309770009195532e+01
2.467774596790766140e+01
2.196799139959848901e+01
2.146674247547825232e+01
1.974744578148603225e+01
2.338858529885970938e+01
2.473275108639322895e+01
2.526540568063732906e+01
2.091357566186666261e+01
2.110646080022778648e+01
2.412923238029726747e+01
2.434714982673392569e+01
2.046233756525515091e+01
2.408030127227054962e+01
2.147627350002017721e+01
1.999514006294069546e+01
2.327164106121077225e+01
2.472106277995067458e+01
2.339470971314756653e+01
2.291107609954877944e+01
2.098635258668238635e+01
2.191784141197944891e+01
2.035426413182172922e+01
2.071915691724093378e+01
2.052623267044329580e+01
2.251166450604735658e+01
2.455842395521667854e+01
2.255721703620717022e+01
2.410064841107230293e+01
2.327854921515469400e+01
2.343228038030384042e+01
2.612624327101082855e+01
2.068331706230572919e+01
2.241500348848616397e+01
2.144967766690670885e+01
2.348159002296317865e+01
2.150227088208643522e+01
2.282936599448903081e+01
2.452642752531149739e+01
2.272281868110553305e+01
2.165959605575593727e+01
2.330964221342596687e+01
2.375663279497790725e+01
2.331473385009399024e+01
2.468051978293688009e+01
2.357122570327441125e+01
2.272792461522163521e+01
2.397519444219500073e+01
2.104443827618009166e+01
2.064379633559782690e+01
2.314851978981871383e+01
2.048413390162946257e+01
2.272510920077131402e+01
2.289604075697075913e+01
2.489239213699677578e+01
2.390697316049321586e+01
2.777184504982646018e+01
2.167003407975605356e+01
2.281374690559887242e+01
1.952869079405735775e+01
2.434786738855892452e+01
2.678777976202382050e+01
2.514608450770007764e+01
2.383851213971152561e+01
2.244888763617843352e+01
2.193379183778619890e+01
2.194748294022788215e+01
2.254646286626823581e+01
2.284835625875777865e+01
2.148637118116149836e+01
2.383066252116407924e+01
1.986040836249005892e+01
2.143735179508982469e+01
2.442692208181999192e+01
2.118643224769861177e+01
2.262391205089007329e+01
2.078223488955131515e+01
2.317914395922195681e+01
2.482436257528096846e+01
1.930986967547415745e+01
2.505528934957092346e+01
2.177777791616137648e+01
2.516106089662100587e+01
2.008237670653094042e+01
2.167855958428108565e+01
2.085771355676207151e+01
2.247182723430741547e+01
2.102913799668849393e+01
2.243060932245028383e+01
2.594544382991680465e+01
2.008642349738395794e+01
2.278524296829321827e+01
2.177979633495342426e+01
1.900673622834706222e+01
2.204194351541990926e+01
2.529818023137380578e+01
2.301954014564904227e+01
2.265255408457525732e+01
2.212472932316275021e+01
2.189367851546977661e+01
2.121546573793500556e+01
2.479170373961663643e+01
2.051967120533084099e+01
2.064978637049879850e+01
2.084436406608636005e+01
2.130676143838783787e+01
2.446140998044447912e+01
2.281819557254092246e+01
2.461593964685135916e+01
2.291342288520182180e+01
2.485176584570508140e+01
2.362564162534775036e+01
2.351104860538265839e+01
2.259371299072114780e+01
1.827099462973668764e+01
2.352444275130067197e+01
2.227245669323163924e+01
2.262823552878267819e+01
1.879337600749334669e+01
2.374558354520708647e+01
2.310520519002155737e+01
2.413074585850720410e+01
2.391323301463314621e+01
2.130500043193022464e+01
2.167516855818939092e+01
2.131660249162870358e+01
2.400008664365700994e+01
2.092878325263196970e+01
2.441337678027275260e+01
2.181956756454032487e+01
2.380919846161524944e+01
2.265637165502263528e+01
2.307849306486125940e+01
2.495681107473318150e+01
2.197266536829703654e+01
2.643546493471873049e+01
2.217330461963608101e+01
2.066579570057909976e+01
2.410665465494319548e+01
2.155445152474429804e+01
2.446040164252579174e+01
2.590147583842778545e+01
2.358660236287664347e+01
2.123183081744991796e+01
2.665685089665022289e+01
2.191618274493700014e+01
2.286765047536887252e+01
2.044005456475037974e+01
2.263284522330135218e+01
2.380845712482777898e+01
2.281177988234931320e+01
2.272133051189650033e+01
2.586495624939455595e+01
2.218760670487988662e+01
2.459162691575002313e+01
2.478871741160493158e+01
2.131265779337196875e+01
2.385092128452771121e+01
2.315446252111485137e+01
2.266750949597297193e+01
2.654400467113770290e+01
2.408718602813624443e+01
2.399089503949524627e+01
2.035921761283126585e+01
2.086646514255755847e+01
2.191300827233938620e+01
2.231669174749092477e+01
2.573081789827914179e+01
2.341714915358839733e+01
2.210936322269724741e+01
2.136875645440047577e+01
2.230386353148633560e+01
2.329778137883940659e+01
2.213646183675706069e+01
2.225766571610292743e+01
2.155042528631430443e+01
2.190958167587904271e+01
2.104969370008937446e+01
2.281572779034146947e+01
2.374816659761738791e+01
1.893293314770713565e+01
2.103572556070724175e+01
2.020072257802319982e+01
2.515347917091698804e+01
2.062955391230230617e+01
2.344063605501154512e+01
2.133740525512284947e+01
2.181838772952867345e+01
2.382734630608908688e+01
2.428801720173255774e+01
2.375869668995675710e+01
2.010066541045054933e+01
2.293667969472178214e+01
2.654502665482541701e+01
2.324634513003069003e+01
2.396101417801854083e+01
2.372296655758976058e+01
2.158059170447568675e+01
2.199030215799964694e+01
2.365067275776232236e+01
1.897946161836611623e+01
2.438758305742612009e+01
2.405786815756191643e+01
2.348310052827065775e+01
2.301976795285312249e+01
2.256874956859882175e+01
2.269208382271283853e+01
2.270600556351086041e+01
2.370020529318290770e+01
2.109579918007210608e+01
2.194492919918992868e+01
2.355684400327652028e+01
2.276767121556535756e+01
2.445566906277070274e+01
2.115591714688698133e+01
2.204223523041262922e+01
2.192771855388886593e+01
2.484844991112966639e+01
2.013375905115186271e+01
2.241015275702217480e+01
1.975499049955956465e+01
2.538571560917720049e+01
2.237625694114104036e+01
2.423815959054336489e+01
2.422140816889793058e+01
2.036297007274803050e+01
2.007766632778330518e+01
2.243600998224937726e+01
2.324017278648121376e+01
2.085507305690541813e+01
2.317032146382078750e+01
2.259070872861468970e+01
2.513742946596234518e+01
2.233243413175945946e+01
2.325044731236653206e+01
2.406792881544995311e+01
2.197218517691669248e+01
2.410295629821620622e+01
2.475647979926760200e+01
2.439514395176654915e+01
2.351797336070305278e+01
2.444414546615527684e+01
1.872345758050055409e+01
2.247722033453075241e+01
2.304771729129738134e+01
2.390059508930112742e+01
2.323200751455407698e+01
2.218963733103620584e+01
2.353917751333386121e+01
2.470879489097830017e+01
2.709028277587849942e+01
2.124168399905166993e+01
2.172285824265705401e+01
2.146684206485901569e+01
2.190840621298693947e+01
2.107910329756449030e+01
2.105141335212062614e+01
2.148332573867083539e+01
2.556029340320314702e+01
2.323679485545599377e+01
2.229064399092333204e+01
2.251953792145398481e+01
2.359917633343512833e+01
2.317839318858595377e+01
2.348088928688368071e+01
2.282492541444871748e+01
2.356770363018572567e+01
2.261518107037106873e+01
2.401611705794379503e+01
2.344218887386423944e+01
2.280678701425476973e+01
2.413865808797793022e+01
2.186587293790528008e+01
2.169896476371916094e+01
2.211108914242799273e+01
2.358299276748296691e+01
2.253385598714493909e+01
2.061902240548385379e+01
2.312154030484983736e+01
2.536188703848418058e+01
2.263959866868992066e+01
2.107001088487940876e+01
2.423532004799235295e+01
2.469463872847136443e+01
2.273590977301251570e+01
2.035346117962033219e+01
2.169480245290913700e+01
2.349970088478772468e+01
2.105142734686993577e+01
2.360059668475094341e+01
2.128986653231872239e+01
2.120065512195585811e+01
2.150036458734644995e+01
2.390680736388687677e+01
2.367324249476573073e+01
2.213996264181145435e+01
2.516220687643805576e+01
2.259321658422739176e+01
2.332341827592921035e+01
2.444474135228369960e+01
2.328430522069067266e+01
2.054647110422159528e+01
2.270923982193992430e+01
2.207372884305911498e+01
2.184131112647467532e+01
2.193658905395174585e+01
2.322853079077605898e+01
2.304867707671494870e+01
2.215649195550712136e+01
2.652412292094783908e+01
2.070792518635334645e+01
2.388692377221831720e+01
2.363033350992119708e+01
2.129455998375523862e+01
2.596705923209167466e+01
2.211667166084595948e+01
2.354712504569703313e+01
2.037580874063631953e+01
2.362683576378301353e+01
2.044747871789524751e+01
2.162696068414380335e+01
2.150263898574375787e+01
2.401869661312627713e+01
2.121951263231520102e+01
1.975650812715861804e+01
2.254516166322070347e+01
2.457233490991870895e+01
2.332462771397765877e+01
2.344842847417984188e+01
2.228294479593345656e+01
2.204950399836475228e+01
2.355574774550595407e+01
2.228691004763163619e+01
2.287729497901650078e+01
2.458282784102258844e+01
2.105776179191235542e+01
2.109497087006188920e+01
2.135769713291865202e+01
2.356131267759012715e+01
2.052781145982563871e+01
2.324209959120778279e+01
2.117884298933581988e+01
2.567046252559918074e+01
2.498482431741497578e+01
2.158226633187850396e+01
2.210291555282927334e+01
2.308607711195413259e+01
2.326054426370637174e+01
2.229654571134802055e+01
2.344301998941394416e+01
2.255426929366165112e+01
2.353281022086826013e+01
2.241191580643160108e+01
2.252587234679553774e+01
2.280385635470019423e+01
2.663291422751212423e+01
2.508241028852484433e+01
2.336573054553537787e+01
1.972911589001101262e+01
2.329781215740610278e+01
2.060479021533142330e+01
2.627756794235920168e+01
2.142239992953489036e+01
2.456177625534249742e+01
2.128895900538857333e+01
2.464456055408679802e+01
2.153263214606849374e+01
2.203015696880326502e+01
2.159347619430277021e+01
2.112441244100535798e+01
2.405021481609145795e+01
2.635191931415301525e+01
2.317976627801513345e+01
2.482119863508576429e+01
2.132077362280605826e+01
2.172233032366630923e+01
2.129061750026019695e+01
2.176768744382846066e+01
2.075453658954778291e+01
2.251037398690784030e+01
