2.429699330135473190e+01
2.556870368940457894e+01
2.364370987844583283e+01
2.454623917182502879e+01
2.136037482257080455e+01
2.328965856835309012e+01
2.306431226143651969e+01
2.509727768898286371e+01
2.259009303471902896e+01
1.998108316431736853e+01
2.201043765739747471e+01
2.307031260586878574e+01
2.513908372968564464e+01
2.336547508388513350e+01
2.275995743726358356e+01
2.221838903396500697e+01
2.277022308627422476e+01
2.599860590620067313e+01
2.355302480570978219e+01
2.250512422499678777e+01
2.129052608892941123e+01
2.317225216066332294e+01
2.539633066924807281e+01
2.180602376793103758e+01
2.064495547302933787e+01
2.128265455103425552e+01
2.303423939987032298e+01
2.522260149614860580e+01
2.549765342952532521e+01
2.349581944893632013e+01
2.397155884549728100e+01
2.257557234062822005e+01
2.151100028846102674e+01
2.247952372741559302e+01
2.360388889196307005e+01
2.117796476524434723e+01
2.385592914352263350e+01
2.437564491900431207e+01
2.375662717961670722e+01
2.392912076507355223e+01
2.116304042918665473e+01
2.414848160369781027e+01
2.406104154575501752e+01
2.370716021637881710e+01
2.480030164223679634e+01
2.338109086848485418e+01
2.400339633410517592e+01
2.174837969618329225e+01
2.498944191774358714e+01
2.064459707252129661e+01
2.315286724610022162e+01
2.342678982104138186e+01
2.403481626265122983e+01
2.070538760493495190e+01
2.079128241638980512e+01
2.205845745674102076e+01
2.202589455154431164e+01
2.345801466419928261e+01
2.376511381041680693e+01
2.222804940854225464e+01
2.465106836487996844e+01
2.297773391021687672e+01
2.195548163422301968e+01
2.074064640480033361e+01
2.482875188574909231e+01
2.171932325630094596e+01
2.445252996777513133e+01
2.236733469344174807e+01
2.153639209176028046e+01
2.214950976185883746e+01
2.189391806340048419e+01
2.396347005099833183e+01
2.084651027598550499e+01
2.177016337055700390e+01
2.359013122939908058e+01
2.037893461257905514e+01
2.218426499088905501e+01
2.537548070907609343e+01
2.260320687001030393e+01
2.233579656967742366e+01
2.373331068235075492e+01
2.383124075483030069e+01
2.073797144407587467e+01
2.488315833392763565e+01
2.399673210558242431e+01
2.238432820614412933e+01
2.188681451437387082e+01
2.295019494950504324e+01
2.011429753657482422e+01
2.180617014051609814e+01
2.280123474101727865e+01
2.087603712120900923e+01
2.314859888401067778e+01
2.339130886351084015e+01
1.986299687785594870e+01
2.315145187173252239e+01
2.236286251390055213e+01
2.320172227476628990e+01
2.144674617924416182e+01
2.118197203523582317e+01
2.208689100831522723e+01
2.423269994941854222e+01
2.068513560543628316e+01
2.454019998084406851e+01
2.144777722849758916e+01
1.820141557877567706e+01
1.869360664288831586e+01
2.477275056421360233e+01
2.125041665958815074e+01
2.379435633044088760e+01
2.280175486764570891e+01
2.275928875845561095e+01
2.108214564433243865e+01
2.129460586259724408e+01
2.220618296880861209e+01
2.430725909974562171e+01
2.343082626696936899e+01
2.388951796968740382e+01
2.244296558409039832e+01
2.444407291371978275e+01
2.322749359576291894e+01
1.968946212143585583e+01
2.176609873623527491e+01
2.213711058335264781e+01
2.095355518456912947e+01
2.656879327588211837e+01
2.205066238049621674e+01
2.165870537188092726e+01
2.455818868097869512e+01
2.128630343846748829e+01
2.222995513405029655e+01
2.077312084341444631e+01
2.088259566829836444e+01
2.377531252683381879e+01
2.331883236369265333e+01
2.308429049101670572e+01
2.234165373947781674e+01
2.125156846126315813e+01
2.135184221594273168e+01
2.323729074991997123e+01
2.297612036666627944e+01
2.213884673230799649e+01
2.255487631617306477e+01
2.024602045149477192e+01
2.253833425327626117e+01
2.286571966752903506e+01
2.324098470061480981e+01
2.273795771347415240e+01
2.406781430225343854e+01
2.184814988554313331e+01
2.665165004398002679e+01
2.341477903390083171e+01
2.207728462893920351e+01
2.214535406983482346e+01
2.238106378495666959e+01
2.455018291481545489e+01
2.232129204157228841e+01
2.460707360690617662e+01
2.484251552918095030e+01
2.285984452479812745e+01
2.708495981300134403e+01
2.515677647187893484e+01
2.067777677243744705e+01
2.032947137599338205e+01
2.021415087389811660e+01
2.349699199995887966e+01
2.095937604424600309e+01
2.103739282368666963e+01
2.177382087092714258e+01
2.264640142059319672e+01
2.188569223134507880e+01
2.080286048820672562e+01
2.442910083613355710e+01
2.155292441088786504e+01
2.312798230536493449e+01
2.428303355849740797e+01
2.173820472194580944e+01
2.607374953007451523e+01
2.336356898078533462e+01
2.319273548599315049e+01
2.217917535584458832e+01
2.274389623761345192e+01
2.285313930753827094e+01
2.164796502975739401e+01
1.910772410109678887e+01
2.138888505298878684e+01
2.213502485986872514e+01
2.234863294446361692e+01
2.397652204501720519e+01
2.423435956229405974e+01
2.191975489810809208e+01
2.505866375079479980e+01
2.174620361885015640e+01
2.527089607495471313e+01
2.362517496878950851e+01
2.184565060980282070e+01
2.295189805885997814e+01
2.403791483419010433e+01
2.302645529831101001e+01
2.400274498768268572e+01
2.440486070106026872e+01
2.532645261450841190e+01
2.104088617142149786e+01
2.173765313536128119e+01
2.437352411881589376e+01
2.336070912090928076e+01
2.426643258061855946e+01
2.582236073649529828e+01
2.311332427611429807e+01
2.092795679127979369e+01
2.093319261940462894e+01
2.537342337059642006e+01
2.280686455990287698e+01
2.240334416769975334e+01
2.057214088364301219e+01
2.314207147645256768e+01
2.348399988767261348e+01
2.495550900230896119e+01
2.312418917197829771e+01
2.433547224203576675e+01
2.209980955022196270e+01
2.264273308039523869e+01
2.240601875915780994e+01
2.161901736387192940e+01
2.197228349364298694e+01
2.217528756321322447e+01
2.182264328111008211e+01
2.135298804457023536e+01
2.161401189038954840e+01
2.277877449333566418e+01
2.215055535226474603e+01
2.214811131785597453e+01
2.434317800711898627e+01
2.351820046067776104e+01
2.181053334147991407e+01
2.127827527407594133e+01
2.085418496301243607e+01
2.156981561479844700e+01
2.383100508629014769e+01
2.231672228513213341e+01
2.508598807565364908e+01
2.282428742342832706e+01
2.095910372953521161e+01
2.272428756075664680e+01
2.540497524629163806e+01
2.289036714750631063e+01
2.077996249597105560e+01
2.206032869006878272e+01
2.340665551243291631e+01
2.105232728149096033e+01
2.194421911909148548e+01
2.430168105821028135e+01
2.247990217550888303e+01
2.098973980294330843e+01
2.264898186952442671e+01
2.540925122745627718e+01
2.351945696896971327e+01
2.436663996406879917e+01
2.095008405756760439e+01
2.241137766112563767e+01
2.052371707618399554e+01
2.270355964913309776e+01
2.500451433377178034e+01
2.181677439306233524e+01
2.200505620513640537e+01
2.146337441406626212e+01
2.298510958473354293e+01
2.222467669657693534e+01
2.386427325948991651e+01
2.292110868511963417e+01
2.183130053501123058e+01
2.222808222228876929e+01
2.519535938949404397e+01
1.951098735204337942e+01
2.338399832175746695e+01
2.191300358266046899e+01
2.153679569420985729e+01
2.259467545673608413e+01
2.179511310784254619e+01
2.251538856502609320e+01
2.457541087009375147e+01
2.336307591436699482e+01
2.232985620456208409e+01
2.409444909625799269e+01
2.274078906604425399e+01
2.358950635723979872e+01
2.324812652071069508e+01
2.319712343891744055e+01
2.215025260887265901e+01
2.596309389655291611e+01
2.223500725775885911e+01
2.278430720529794584e+01
2.555532378728997855e+01
2.151518583397481166e+01
2.494591670807834660e+01
2.295429399099942103e+01
2.224528469578233825e+01
2.444107131497579388e+01
2.368052159058090211e+01
2.276490670970004615e+01
2.271240133339074418e+01
2.140018916852083564e+01
2.138442663544014266e+01
2.035346972146067301e+01
2.443894136519607230e+01
2.076111839230085110e+01
2.221551414768831023e+01
2.633171726947794511e+01
2.118692248633680109e+01
1.971726721681592664e+01
1.996418114518764497e+01
2.259203190435061259e+01
2.505878669367274370e+01
2.161682500102481796e+01
2.195895300139635253e+01
2.318663291218932443e+01
2.579760805958365566e+01
2.430820207081858797e+01
2.214232386172703215e+01
1.808324250660626120e+01
2.578872030719188402e+01
2.569525161981557204e+01
2.336745806474995746e+01
2.380973368813258517e+01
2.198694124595066057e+01
2.093601035020797951e+01
2.193518680039250768e+01
2.375498965788954919e+01
2.186547219110703111e+01
2.091759916414844866e+01
2.377486226964358806e+01
1.986527669056557599e+01
2.331505443232952857e+01
2.028514083905154664e+01
2.467666173105234506e+01
2.452785688463178815e+01
2.577393773911920150e+01
2.442882557268010402e+01
2.522325674355900205e+01
2.298536047921782455e+01
2.427746484128752158e+01
2.404936326609343311e+01
2.019425252439687668e+01
2.419440128874105866e+01
2.289019092563644620e+01
2.065388143113254671e+01
2.391424654652948334e+01
2.072498156858137008e+01
2.242791751745862427e+01
2.240097127879777616e+01
2.294577334033020932e+01
2.301389433776383697e+01
2.500389943283570560e+01
2.278576579419649306e+01
2.102800286840131605e+01
2.250773109808367778e+01
2.311944078436192740e+01
2.309402933845282746e+01
1.978477334184981018e+01
2.363118752497637232e+01
2.462750140838444679e+01
2.159122207271937199e+01
1.773295032837293306e+01
2.428050337554042315e+01
2.344307559690937737e+01
2.277888830197976588e+01
2.480452156683480069e+01
2.312182864792184844e+01
2.081527806888372112e+01
2.264894214451166832e+01
2.128817556502854558e+01
2.601954868096894202e+01
2.324098060132768850e+01
2.124979653649656441e+01
2.228460428482665634e+01
2.231293028203199569e+01
2.034618284905749874e+01
2.096481406778194412e+01
2.211468421252591909e+01
2.493028829227940335e+01
2.032346171423331427e+01
2.448417681997068129e+01
2.477314197590032663e+01
2.201496788562480589e+01
2.361786812953718950e+01
2.047987578204206471e+01
2.453106652515306152e+01
2.447526094988644729e+01
2.288230283817889088e+01
2.197419197395583979e+01
2.387448249821176915e+01
2.019448890687376874e+01
2.367191452401588947e+01
2.444247852987596659e+01
2.380223562735455189e+01
2.344562329902792897e+01
2.257715357030122760e+01
2.176827871021749772e+01
2.065100275980741173e+01
2.346877379354293325e+01
2.469887605126589136e+01
2.204320333141963673e+01
2.356155676189580817e+01
2.211556202412540273e+01
2.155737997603525002e+01
2.225871064764501028e+01
2.196407769401619348e+01
2.317296284196887513e+01
2.131782576263195850e+01
2.020830236374748878e+01
2.237078285505335984e+01
2.297237241178003231e+01
2.267549118746102010e+01
2.295648146006843504e+01
2.227087982050712611e+01
2.131063840549799693e+01
2.169727577142811015e+01
2.301639621620675769e+01
2.255424793858449206e+01
2.398823073557522179e+01
2.540542434339677769e+01
2.213184122984290525e+01
2.141064676266596933e+01
2.110370127627487236e+01
2.326478992082295250e+01
2.151731152095494082e+01
2.101005760538945921e+01
2.292101369850402648e+01
2.255114932572146458e+01
2.572622748135507109e+01
2.103987767559120670e+01
2.232327371764545632e+01
2.451865113439921373e+01
2.392363153227680073e+01
2.138723204629818397e+01
2.298584720056040709e+01
2.137878826141946931e+01
2.372108618781842893e+01
2.103235919262316145e+01
2.027542757430880016e+01
2.289599120455832448e+01
2.150929155760831790e+01
2.085896090517955415e+01
2.066936727054235234e+01
2.240979396087197628e+01
2.272312973365064082e+01
2.599434905516383054e+01
2.115893349973485371e+01
2.091471459330431060e+01
2.183114559499723129e+01
2.535555584742683166e+01
2.475300020842873749e+01
2.365662905720470377e+01
2.213921978268283652e+01
2.155201448927381946e+01
2.256560216065697944e+01
2.193042532324477634e+01
2.253465132941964200e+01
2.147707905634231906e+01
2.095978928377230588e+01
2.311257134474519859e+01
2.195042422922663050e+01
2.329433114347487788e+01
2.480402033341142953e+01
2.371868300507591343e+01
2.280379830576843503e+01
2.221749625831612107e+01
2.487023551514360165e+01
2.260111287065716468e+01
2.449278035745918558e+01
2.250659437694194409e+01
2.495274926307462238e+01
2.241794073636951623e+01
2.504988170550506510e+01
2.618556073066245204e+01
2.138030490107643899e+01
2.397453730958030249e+01
2.463225416288522140e+01
2.271940214285461224e+01
2.198280273827670683e+01
2.312861759499432068e+01
2.383763560280519656e+01
2.227046189712649138e+01
2.354462065290134376e+01
2.317391464999975170e+01
2.222341780952989865e+01
1.890879857166354228e+01
2.417751086600723553e+01
2.430811398719951555e+01
2.085167848119809619e+01
2.308460886176739635e+01
2.463450738045490596e+01
2.330622556548865987e+01
2.367026508336547153e+01
2.249441868308846537e+01
1.951573264376862937e+01
2.392167336057880078e+01
2.237154635061449071e+01
2.323318746405644930e+01
2.014805914235149942e+01
2.302337077714513214e+01
2.298673241238686415e+01
2.036872051518777837e+01
2.349165453319621832e+01
2.347497828249249352e+01
2.390437348016424934e+01
2.281697610401490905e+01
2.223984841666320023e+01
2.316901719516355840e+01
2.214486887897149003e+01
2.101928193914628551e+01
2.282475800491981488e+01
2.297675034656935722e+01
2.041679674915020470e+01
2.196078862117802544e+01
2.119275508792811991e+01
2.144801279518261339e+01
2.257468150874100843e+01
2.080880257710939674e+01
2.346565407841725204e+01
2.513820652319928683e+01
2.199349197840997761e+01
2.264613131614135000e+01
2.360500573249683498e+01
2.124422961414151345e+01
2.244226820624968965e+01
2.396074592387944691e+01
2.289012039481945493e+01
2.140854672472204356e+01
2.458442002026812645e+01
2.210506618027222103e+01
2.249729596165227719e+01
2.372423762762528909e+01
2.257797050553352491e+01
2.286181696844483824e+01
2.128388215698418406e+01
2.228083535700413620e+01
2.452019937348156020e+01
2.388920296709787650e+01
2.281038193415534465e+01
2.156948233390814096e+01
2.368845325446335792e+01
2.185690063619107093e+01
2.283236534503841497e+01
2.177495482361921120e+01
2.077916564315381365e+01
2.158642563782237644e+01
2.219356400450065436e+01
2.169157159208768704e+01
2.109566425902875864e+01
2.315672969576818119e+01
2.424015407946003009e+01
2.142607237193998415e+01
2.140016086610704704e+01
2.489709925094046028e+01
2.127516251912576806e+01
2.499269880773720232e+01
2.215981116411272112e+01
2.153391477869631387e+01
2.353936668558655398e+01
2.094041144994998049e+01
2.230223397262253116e+01
2.691503950152007008e+01
2.224632480498468823e+01
2.325010031637332730e+01
2.022926160427605424e+01
2.215446631976723069e+01
2.068659264493052419e+01
2.105324992621891411e+01
2.072392765196751085e+01
2.383429457146521102e+01
2.253920206092298173e+01
2.267402725324845036e+01
2.376778714127782877e+01
2.161120527883145570e+01
2.136768161816999267e+01
2.421263977895304009e+01
2.239918070783799919e+01
2.396644947087128941e+01
2.389246636117916012e+01
2.711725621315827439e+01
2.168591662101703221e+01
2.476786758112853093e+01
2.380034242448861903e+01
2.329975716838126587e+01
2.346138830192409941e+01
2.177072068675945360e+01
2.191590536363893804e+01
2.178034741707248045e+01
2.232333324994412749e+01
2.298764665434094923e+01
2.230444657732887492e+01
2.159875423929219806e+01
2.282954969612159601e+01
2.391315735854773905e+01
2.115692494640059707e+01
2.197698276227759351e+01
2.172796766899363874e+01
2.481898543215456598e+01
2.295372362818061873e+01
2.105174061838906496e+01
2.478285589171712289e+01
2.110059481985717511e+01
2.178082268281508505e+01
2.218830147851436507e+01
2.343504589728717491e+01
2.302853798263109653e+01
2.263415971220601364e+01
2.445158661364262898e+01
2.168452316803681867e+01
2.263957774929490441e+01
2.488508379944964233e+01
2.275360500215699489e+01
2.463998402804085686e+01
2.217199359815557003e+01
2.245242994858013930e+01
2.614907340377953915e+01
2.647662805899193827e+01
2.179291743446143315e+01
2.252163066799823099e+01
2.289225299653320178e+01
2.426044500322477759e+01
2.184076502825254451e+01
2.209711616553773084e+01
2.043461616838659722e+01
2.342578054843725255e+01
2.356816902925508117e+01
2.587610437018838283e+01
2.122035660992106187e+01
2.139238427585105740e+01
2.439617794353067026e+01
2.434898294246919903e+01
2.024789362271087612e+01
2.404966113680554329e+01
2.100713089370750097e+01
2.119608937328865395e+01
2.322659474525145384e+01
2.394332755862256334e+01
2.321742206498328187e+01
2.373902136977806521e+01
2.064187807982814959e+01
2.237181015213372248e+01
2.099577221183758624e+01
2.172909291221667516e+01
2.124270903825294354e+01
2.267111218006191820e+01
2.522366789718793001e+01
2.230147756593775554e+01
2.409893401209436448e+01
2.387168578434718569e+01
2.351266866425683588e+01
2.544496325882685994e+01
2.122109175453780594e+01
2.175855081547856784e+01
2.196857647346543629e+01
2.299032351540679642e+01
2.173495137086845830e+01
2.267357343311918783e+01
2.452913080919862310e+01
2.189706199707136847e+01
2.247322698422366116e+01
2.317281691030379065e+01
2.277691944596665152e+01
2.279598418594440190e+01
2.411686496564148996e+01
2.402569585642562444e+01
2.349408512570977337e+01
2.417278469269395913e+01
2.139429653014390453e+01
2.198196569720850135e+01
2.244840019078117876e+01
2.097420927944460090e+01
2.302345023409105806e+01
2.343886637033145703e+01
2.438025083085871714e+01
2.391706070179145271e+01
2.669950597838563411e+01
2.156772887064872180e+01
2.258368086082197834e+01
1.973473524399252810e+01
2.388277603028362250e+01
2.666131220157345183e+01
2.476803058640771837e+01
2.354249497410056691e+01
2.215182110318410125e+01
2.100804900680611098e+01
2.228721332341608274e+01
2.269578380993637623e+01
2.222555785192153266e+01
2.172263861855826406e+01
2.347367848908952226e+01
2.045566233173708071e+01
2.078841100650245366e+01
2.379937632058032548e+01
2.065963892454002604e+01
2.213638812905566411e+01
2.035101399974247727e+01
2.318065514397412130e+01
2.508262804776145316e+01
1.924308214073437284e+01
2.419976326755106655e+01
2.246580007489691511e+01
2.557403002991014418e+01
2.123598443287162496e+01
2.157206017610983295e+01
2.018876623524472436e+01
2.193064070640067698e+01
2.112786220193859066e+01
2.227007829045939502e+01
2.573968970780418175e+01
1.959853247178712365e+01
2.247519254893770224e+01
2.271758475389429677e+01
1.962201701835728684e+01
2.199585382932191990e+01
2.457224520963284675e+01
2.304839462412440554e+01
2.276541290604636458e+01
2.252602511187872381e+01
2.271910203060001621e+01
2.165159687943187805e+01
2.375655133282316100e+01
2.055128376947421742e+01
2.026438438157495625e+01
2.123779111362658512e+01
2.198924167035223221e+01
2.423792210421928317e+01
2.245968238020792285e+01
2.491594133644021269e+01
2.330695778927423589e+01
2.420327399932790513e+01
2.299539030277822249e+01
2.325665212319443853e+01
2.183764785457771751e+01
1.961956411184887372e+01
2.389621052203726137e+01
2.165170845367859442e+01
2.268757175117907821e+01
1.968035191859653210e+01
2.294781348021911072e+01
2.245920708202852012e+01
2.417034757288555369e+01
2.411449440959703239e+01
2.075564645660763574e+01
2.099071591096927847e+01
2.069535781228545446e+01
2.446322349280617914e+01
2.132331992012168342e+01
2.395993299440540270e+01
2.195928797279190192e+01
2.337859544882272189e+01
2.200450619015611053e+01
2.253383180332081892e+01
2.377709989884366237e+01
2.226880574315477901e+01
2.613683561420164381e+01
2.204235921167097700e+01
2.101478750804131579e+01
2.351027570610779449e+01
2.294436579546930588e+01
2.403023992312032320e+01
2.545960591059352751e+01
2.272280802390017840e+01
2.087264326920925939e+01
2.583552097740302145e+01
2.124023852392658185e+01
2.313606834988154048e+01
2.128830722684181609e+01
2.301512466480615515e+01
2.436716681102050330e+01
2.346905971416454406e+01
2.276135070711720942e+01
2.425165588499480052e+01
2.190213249613341162e+01
2.413077864955403484e+01
2.356781942852646239e+01
2.127091241802107291e+01
2.294442576767414721e+01
2.346613031010426198e+01
2.359343733630549522e+01
2.520754890102150014e+01
2.430393018354583390e+01
2.435420170512912463e+01
2.091154420188615504e+01
2.077509486880192568e+01
2.111313120743213645e+01
2.295900886245973993e+01
2.457898835766505030e+01
2.253851200849355862e+01
2.234687284962725684e+01
2.091189439070352662e+01
2.298757705495439296e+01
2.297945430975280701e+01
2.235183776171195902e+01
2.182188560370692443e+01
2.082089575089577238e+01
2.222134347263879661e+01
2.063522216965845502e+01
2.228948751452044519e+01
2.316603925464672287e+01
1.965407683931693583e+01
2.117198423892125803e+01
2.088867297559282221e+01
2.476079273398731573e+01
2.101441738230484901e+01
2.331354570828374406e+01
2.081621074170445596e+01
2.219517324069259345e+01
2.354080921790656333e+01
2.376361986157898087e+01
2.372903002466562583e+01
1.979964008284355614e+01
2.308463536520683945e+01
2.593184914605742364e+01
2.438932737258086192e+01
2.415991518433202501e+01
2.357009963043955025e+01
2.139152823418896432e+01
2.227124184099653803e+01
2.336565335269597909e+01
1.947605362342768842e+01
2.473624643724533101e+01
2.324376032274946979e+01
2.398534183363182137e+01
2.216186581456778271e+01
2.326324638025071323e+01
2.260256247122945084e+01
2.342935783183683540e+01
2.300003771276711007e+01
2.073444969001011273e+01
2.224581533999553429e+01
2.298728154221481645e+01
2.255801985668736975e+01
2.414200812177689670e+01
2.117888627377781674e+01
2.168495923713179963e+01
2.132332467868539183e+01
2.553750113658889731e+01
2.064698684186591748e+01
2.344076355379612409e+01
2.015454046533822208e+01
2.564013627174247745e+01
2.220449590655853456e+01
2.277367629486143841e+01
2.392147064443097193e+01
2.022609100274664584e+01
1.975430590181413493e+01
2.193856444129843553e+01
2.241763029384993189e+01
2.125593481993265499e+01
2.363783159436952275e+01
2.233514184878068676e+01
2.516994791773775120e+01
2.178171591405937590e+01
2.283640976954563939e+01
2.367826104343241767e+01
2.146351707717771973e+01
2.437375808304374303e+01
2.444434936756391963e+01
2.378794562057816009e+01
2.372965307212390584e+01
2.396184311600996963e+01
1.938518698505619042e+01
2.251934433070711705e+01
2.292526036712259696e+01
2.396514581044577952e+01
2.347663746422325204e+01
2.202180095852618535e+01
2.407382556830402720e+01
2.440343850196928699e+01
2.674466566125760636e+01
2.144679627992476512e+01
2.233895933264153300e+01
2.146820501821112614e+01
2.143784927283982000e+01
2.045529497716519174e+01
2.134571739890135689e+01
2.199455334423122110e+01
2.443886915219947298e+01
2.389018418579098224e+01
2.195714077856034052e+01
2.226868775887338714e+01
2.336577673344797645e+01
2.336585924227054889e+01
2.342651995589139702e+01
2.313335411111043527e+01
2.297299678562021796e+01
2.198131369210283026e+01
2.384415209822325821e+01
2.311647642218168031e+01
2.296818587389001109e+01
2.415099959436348698e+01
2.194883494417238268e+01
2.209213643217165313e+01
2.154999614785540274e+01
2.324004021013822907e+01
2.252703500489103661e+01
2.107665504407133383e+01
2.338268922545762152e+01
2.458304658068313486e+01
2.350966258579087409e+01
2.079890902266069119e+01
2.405870632596241876e+01
2.500655636501785040e+01
2.332934575664870636e+01
1.973096313430072968e+01
2.090745224763655941e+01
2.323895085584294762e+01
2.183431503769430648e+01
2.264577276521943361e+01
2.216665671099856638e+01
2.107161182637717545e+01
2.112846393919911847e+01
2.394317286710348824e+01
2.268515012891184313e+01
2.167121289291512198e+01
2.589365916888310082e+01
2.161477178498557095e+01
2.300216660979888772e+01
2.406944189563491321e+01
2.331270889483452535e+01
2.096584421422723565e+01
2.252420282605649149e+01
2.144374136439811807e+01
2.156145116265971495e+01
2.265520060194467789e+01
2.375112204650080727e+01
2.376278018130600955e+01
2.211074408807266778e+01
2.523942177473038129e+01
2.074251876538127348e+01
2.352586384259638308e+01
2.396277785364735990e+01
2.209775079643209850e+01
2.537160378135772021e+01
2.209123113714417030e+01
2.360009893333180742e+01
2.103830141464773362e+01
2.379779322752697013e+01
1.979787993884258412e+01
2.271067974925066935e+01
2.198482249768071384e+01
2.337301766507473033e+01
2.124219636279640255e+01
2.073035896643047948e+01
2.269973196940663840e+01
2.428089935198336846e+01
2.320710360451445808e+01
2.411626672042596908e+01
2.099774218668093795e+01
2.234241003520408952e+01
2.331388797048803596e+01
2.200923274828144116e+01
2.239792969595086092e+01
2.500790591701152010e+01
2.158230098439727485e+01
2.182634436948678314e+01
2.139017816164515295e+01
2.331535858539133343e+01
2.092173555308468025e+01
2.235657534751628006e+01
2.146234774805970957e+01
2.471880407180446682e+01
2.500898843253578008e+01
2.235162031996563670e+01
2.139118545993450482e+01
2.279554548084825427e+01
2.468085529761326313e+01
2.260602860619238896e+01
2.356935466124381762e+01
2.273577451147211903e+01
2.268945987505712836e+01
2.131784147851817579e+01
2.211531659056808508e+01
2.244080431206467452e+01
2.552909544964077071e+01
2.401739051532014457e+01
2.301883764358196061e+01
1.986919934939210819e+01
2.423196625239803836e+01
2.098987889810828023e+01
2.519832178972874459e+01
2.181089956177082101e+01
2.411299244880260417e+01
2.090378646849914901e+01
2.406454902680033570e+01
2.189830438517204669e+01
2.281373249109572754e+01
2.279510512982238524e+01
2.085219053541512935e+01
2.348537670328106230e+01
2.626736482147681784e+01
2.354328779522703030e+01
2.377430015841697042e+01
2.085645650720170607e+01
2.159239196823153151e+01
2.162492283786792413e+01
2.174707671062332892e+01
2.062471257727039742e+01
2.285285650915479039e+01
