2.464490195163908126e+01
2.738115377074644030e+01
2.167444011308754170e+01
2.430200107779474905e+01
2.180342001837104249e+01
2.285545307573544704e+01
2.300731165878307394e+01
2.782296288393603589e+01
2.362242695526462910e+01
1.979113232394903932e+01
2.197967405593344026e+01
2.416343318059210432e+01
2.659054332956456790e+01
2.535115529145904745e+01
2.111551089105904566e+01
2.329594040632127872e+01
2.241700633551082333e+01
2.655088721981447719e+01
2.388823560906488908e+01
2.250814415557190173e+01
1.933363394960032622e+01
2.258694799054364211e+01
2.801205071283010639e+01
2.020053866406779619e+01
2.083220849820860465e+01
2.178830866050662252e+01
2.148840272403121787e+01
2.558682036327639864e+01
2.588324272939666315e+01
2.220396835770213428e+01
2.464763787091222724e+01
2.545033872348958326e+01
2.271108654637101409e+01
2.272836047840240070e+01
2.383943370895238445e+01
2.100966219089904286e+01
2.414987478640490082e+01
2.388745086429115361e+01
2.391327006965921598e+01
2.327377840970610379e+01
2.200135173461756821e+01
2.473438139235140909e+01
2.347325743376791252e+01
2.400769433368188999e+01
2.376652909836002792e+01
2.149737180223836930e+01
2.565059845208343248e+01
2.245740689690330782e+01
2.464968427113693750e+01
1.752474367334691863e+01
2.451406145796081759e+01
2.466717011583304497e+01
2.334077975322594867e+01
2.047510259321017756e+01
1.888635159181621859e+01
2.160110078783633725e+01
2.204665453271843489e+01
2.742827869718070843e+01
2.317914529954094505e+01
2.330440099538264320e+01
2.624643860090677805e+01
2.155231065677836710e+01
2.242374568423301184e+01
1.747158517659757848e+01
2.609427542824144197e+01
2.119989636140737943e+01
2.602826634255867688e+01
2.428934884098665847e+01
2.148611703673701712e+01
1.937330759410743752e+01
2.093310149276118537e+01
2.513679312813157907e+01
2.022363616853670365e+01
2.123522704481880297e+01
2.461191917349056268e+01
2.088329297129730477e+01
2.337763753369440423e+01
2.417667504046282900e+01
2.377493169392426964e+01
2.448796063582821603e+01
2.787173823863563271e+01
2.376330906161767942e+01
1.885374857035202112e+01
2.573593118325655738e+01
2.197658704441859356e+01
2.307887463880420498e+01
2.350523866132684958e+01
2.148652961353223034e+01
1.935673318943896959e+01
2.212952401909783262e+01
2.391389867383996659e+01
2.266172675668479286e+01
2.204671501625938390e+01
2.473634084083001383e+01
2.104374336744876217e+01
2.167398108221379616e+01
2.282346112198640853e+01
2.313684599415505616e+01
2.248238451408091620e+01
1.980483125073380890e+01
1.896980841624814218e+01
2.600460229650232336e+01
1.862802711388943777e+01
2.468733587640086569e+01
1.952941170420410799e+01
1.782454384004173065e+01
1.873023282139442358e+01
2.601526465020180723e+01
1.893119052399357471e+01
2.529287611236794575e+01
2.529323782897047579e+01
2.204467265682955457e+01
2.002687810257968692e+01
2.126156169919352124e+01
2.005816496768349211e+01
2.574918545258926983e+01
2.524201234501327917e+01
2.387167366174293548e+01
2.288842210544596512e+01
2.466530872153225573e+01
2.370914048063348645e+01
1.834766377313538754e+01
2.076449718397272903e+01
2.066808384387408282e+01
2.252521773992768317e+01
2.797684114439529779e+01
2.093567615164114315e+01
2.170199160185354970e+01
2.730714664146502813e+01
2.090260347432809951e+01
2.181541812271198211e+01
1.949341749129139956e+01
1.969325969827945499e+01
2.253206408198221311e+01
2.337263774804825900e+01
2.282138287576850644e+01
2.400133938069172146e+01
1.963389803899683272e+01
2.367849009681851058e+01
2.333296303514029901e+01
2.331131303236543317e+01
2.202218268393925982e+01
2.402894289795176519e+01
1.885490420436094894e+01
2.255599770707032548e+01
2.201073330787655280e+01
2.299480827593642474e+01
2.130691623830769643e+01
2.359906963339466301e+01
2.404569526869281049e+01
2.649822515995347061e+01
2.395270411468521132e+01
2.081316715824554464e+01
2.233715245713034747e+01
2.381858854441908946e+01
2.325715808393405482e+01
2.178021979712801581e+01
2.378019733677164638e+01
2.423009719659257399e+01
2.395860524112337941e+01
2.959757308399386488e+01
2.570942514252906008e+01
2.054106790075279321e+01
2.023030208642555650e+01
1.982083820007611408e+01
2.437597977613103950e+01
2.268327810589616078e+01
2.371151816855330097e+01
2.133838147707066923e+01
2.481121214097115057e+01
2.183554635161350177e+01
1.877498270165155958e+01
2.626462878837530113e+01
2.107944565247794344e+01
2.202631066407378313e+01
2.539782787962344912e+01
2.153204620254102153e+01
2.796020884983404287e+01
2.203378080625814661e+01
2.448900638698298238e+01
2.391734458399521301e+01
2.566876884631066957e+01
2.288284605254716197e+01
2.147533481146340861e+01
1.852636714160601272e+01
1.972760532845893167e+01
2.232397038045623106e+01
2.322844161708015420e+01
2.386994552698189764e+01
2.382115476086761774e+01
2.048367935133933315e+01
2.442397858538087974e+01
2.146475899377877283e+01
2.569643232423494439e+01
2.347867841321781057e+01
2.081387222729619779e+01
2.325442021986200913e+01
2.543995872263719704e+01
2.284529126485676542e+01
2.580901734315141383e+01
2.391461343878261303e+01
2.636794064923499548e+01
2.180407897925755734e+01
2.333761532600632194e+01
2.438792513933647754e+01
2.646886760391289783e+01
2.413610824715182446e+01
2.802478640169515245e+01
2.347375811027970727e+01
2.140550563208860879e+01
2.078348231938162627e+01
2.708169063544487543e+01
2.241823348725800003e+01
2.262416093045499110e+01
1.901537441802465267e+01
2.201387714438866894e+01
2.353909619899168604e+01
2.733155661320589047e+01
2.440394824664638662e+01
2.537818755706294382e+01
2.181054752931446927e+01
2.183353324858698841e+01
2.410800563337456737e+01
2.225411379850551796e+01
2.203426748886784026e+01
2.245557099831464498e+01
2.234597758222638930e+01
2.185643950445631134e+01
2.294915654845526021e+01
2.220881560135400790e+01
1.957783351889764489e+01
2.331895547941455149e+01
2.753527947946151144e+01
2.494818601602369768e+01
2.120615517458254473e+01
2.160517553649798472e+01
2.198555674500714829e+01
2.044188860633581939e+01
2.296919609753613045e+01
2.180696363971125962e+01
2.397830008716649530e+01
2.122300665776332096e+01
2.250623606988914105e+01
2.179516464831409195e+01
2.518671826244768042e+01
2.345056868241744397e+01
2.029254136416550836e+01
2.045973520831481807e+01
2.189330566966452807e+01
2.182848154786891826e+01
2.332468333379387104e+01
2.253368181693647188e+01
2.382730795995978923e+01
1.780886567361942241e+01
2.167507778506351812e+01
2.646136463826379881e+01
2.285944128244222640e+01
2.296995563307120491e+01
2.123779260577138572e+01
2.415517191959965260e+01
2.038551665411315383e+01
2.236655561001238368e+01
2.449062406528380009e+01
2.301087283787968119e+01
2.283442367732842015e+01
2.123804714232041491e+01
2.101406551310853388e+01
2.224343260499331620e+01
2.392801092787097872e+01
2.144770217342409779e+01
2.353611480577218629e+01
2.278652724241268146e+01
2.345709577577142113e+01
1.848187848978935577e+01
2.342178289712240868e+01
2.166657844744653261e+01
1.996773064040822021e+01
2.333039506624891146e+01
2.163043569340174699e+01
2.130364646323734590e+01
2.510640878591551584e+01
2.428879469335590713e+01
2.209662936656592791e+01
2.544056923068074028e+01
2.323986855347716585e+01
2.460284858078720660e+01
2.318492212393777052e+01
2.413404903502269150e+01
2.482493813407542760e+01
2.799034738005229883e+01
2.235409101252766106e+01
2.248464932451642895e+01
2.624039312072167363e+01
2.236428950055741183e+01
2.485682975342253087e+01
2.303703075096784048e+01
2.089133370165654924e+01
2.296390314980124003e+01
2.407569419259625576e+01
2.378470451630989047e+01
2.299103534487964851e+01
2.080389128059007220e+01
2.221636402879941485e+01
1.884941638726974134e+01
2.613214989379815378e+01
2.072308756253149298e+01
2.141924643842177645e+01
2.878557755309847010e+01
2.234295862277174294e+01
1.814360028536108516e+01
1.791626762959562313e+01
2.461563862972639782e+01
2.331337209410229860e+01
2.150506259886693883e+01
1.994686231202198101e+01
2.276413519821557330e+01
2.820677624174506448e+01
2.538476011084524941e+01
2.082547382380189660e+01
1.833909270684088355e+01
2.782273284990320406e+01
2.712296493305069944e+01
2.521144940061785533e+01
2.489392906344428980e+01
2.095736363174481909e+01
2.174530501471586064e+01
2.183951864550730804e+01
2.561253892385926889e+01
2.108304024127051335e+01
2.044972960709319310e+01
2.441624163502881473e+01
1.794738178531302353e+01
2.455691185545232003e+01
2.067082519761082082e+01
2.574373140880206634e+01
2.640846959439484465e+01
2.729912278565226558e+01
2.311031176766013218e+01
2.458009212131578991e+01
2.220877187439137046e+01
2.407027984147675070e+01
2.514275239433051468e+01
2.318346021716089211e+01
2.436384681338207514e+01
2.410168883003245099e+01
2.232830640648015219e+01
2.416529239169148724e+01
2.085786386419776406e+01
2.323224426005768350e+01
2.404491796748705923e+01
2.403196469605265762e+01
2.492028318741265736e+01
2.404645363450692130e+01
2.428313878357309363e+01
2.152092549712283187e+01
2.208098916127056555e+01
2.370657406405120682e+01
2.311877051591131149e+01
1.974318367842019839e+01
2.338233151835494184e+01
2.657645186640790413e+01
2.214883655591658140e+01
1.802598146963467585e+01
2.523628175256597572e+01
2.395744193079216089e+01
2.465000987936597099e+01
2.676977957079555281e+01
2.343663324030098849e+01
2.151054749574849367e+01
2.372865245018907032e+01
2.170992811229903197e+01
2.811562276696854923e+01
2.061046594015128264e+01
2.308425780747001355e+01
2.101036731084587572e+01
2.407520765843397825e+01
1.969318030412307152e+01
2.058633150224148523e+01
2.181173768291433746e+01
2.599830397561251871e+01
1.883670623090304375e+01
2.404450619272584433e+01
2.578130307226523854e+01
2.185488723953872281e+01
2.443796395363099094e+01
2.115434024173125493e+01
2.469964661528515393e+01
2.510878292512094134e+01
2.411841280285471711e+01
2.199490168761060715e+01
2.406073513466981240e+01
2.129585665181818399e+01
2.398756286946227334e+01
2.645161657734934479e+01
2.449412646333311372e+01
2.427571720472285577e+01
2.231422503920802569e+01
2.302592581008462247e+01
1.986967803943862521e+01
2.556123938678424423e+01
2.513672653981635818e+01
2.269961268461330306e+01
2.168140899445184289e+01
2.153863625069559617e+01
2.085840936395642231e+01
2.325392953623044789e+01
2.489690014325345402e+01
2.159067200691424304e+01
1.995106014098410441e+01
1.949562988486589887e+01
2.436646811319623396e+01
2.284424292539517864e+01
2.411224455865241012e+01
2.241368792493536333e+01
2.134730304750155128e+01
2.264777893762190075e+01
2.126620649523128748e+01
2.455077402676462484e+01
2.454101121375571992e+01
2.459561396686798673e+01
2.642944702168487581e+01
2.226889271258278669e+01
2.057323311925389575e+01
2.061529209229460946e+01
2.409603283819678765e+01
1.937160936274860745e+01
1.946481584682268817e+01
2.291954820214719746e+01
2.277422297928609396e+01
2.592760801960834627e+01
2.132697151561021442e+01
2.412642899413960151e+01
2.631413000126211088e+01
2.420926138432966823e+01
2.306214583683417985e+01
2.318266829349667191e+01
2.019846330702940662e+01
2.377746808213393592e+01
2.074115688090248355e+01
1.953019379471166417e+01
2.299236756823191996e+01
2.111644867237783885e+01
2.214907690651441285e+01
2.310610116873929698e+01
2.358275716877815142e+01
2.411252450371102896e+01
2.719920730984270207e+01
1.924919849711632480e+01
2.152697262230129738e+01
2.085499355543726807e+01
2.553821566405649435e+01
2.549179560465533001e+01
2.605892790338502607e+01
2.157645179252732603e+01
2.230549534515723664e+01
2.463699339247345677e+01
2.160050618412308410e+01
2.326795610439307538e+01
2.051470464593392151e+01
1.998548137462522334e+01
2.322835281197687607e+01
2.016723402558148948e+01
2.384105835831377718e+01
2.496060298408407263e+01
2.626990795487845531e+01
2.323026176876419768e+01
2.260335055241545277e+01
2.681682719678053317e+01
2.064984435556244691e+01
2.466523754232866139e+01
2.130309183812766349e+01
2.451624724302233815e+01
2.339283693641127826e+01
2.481762720491207119e+01
2.784003402914976988e+01
2.216276802570462579e+01
2.249868772862179611e+01
2.563335284572433537e+01
2.113818461301451990e+01
2.200988802479211870e+01
2.431055407306135407e+01
2.374519466429552139e+01
2.029204044396224305e+01
2.249004990166086060e+01
2.335769592994335397e+01
2.459971895500736139e+01
1.918876499081720155e+01
2.594748817904753224e+01
2.530025649889861938e+01
2.000269529414217118e+01
2.427023050605979293e+01
2.153679162745885378e+01
2.265718879063372881e+01
2.540378493413358285e+01
2.271175449642767319e+01
2.057956700161340891e+01
2.296840349904027434e+01
2.204225881063771197e+01
2.401545478920953158e+01
2.149048696200803121e+01
2.359248446500491880e+01
2.183168628208345652e+01
2.114514185752776498e+01
2.362611306214905937e+01
2.351322468762964135e+01
2.348232116038342099e+01
2.318092301006501543e+01
2.150929797545397548e+01
2.526687215605242187e+01
2.176393928737316230e+01
2.227514590418289231e+01
2.414695517884666032e+01
2.341748161926277660e+01
1.852652009394025612e+01
2.208951344569958053e+01
2.003687211341468810e+01
2.127028203683799035e+01
2.104250686872527965e+01
2.173953577715519003e+01
2.401785262769392659e+01
2.790234400216544586e+01
2.213979620203410548e+01
2.288278253298160436e+01
2.631825117343051801e+01
2.124722332852208240e+01
2.222351185252571071e+01
2.251437613060652865e+01
2.357576444696605833e+01
2.050517432450611821e+01
2.681098561407906899e+01
2.195363798682977929e+01
2.077869092209324009e+01
2.496985015488212767e+01
2.311667116663164023e+01
2.417153189966662552e+01
2.127383993487644176e+01
2.246685567816517093e+01
2.506446396646761698e+01
2.774331932040594850e+01
2.241070494823507886e+01
2.058463992575435597e+01
2.429373321418091081e+01
2.089341501056568973e+01
2.298863451040041639e+01
2.182691846251275791e+01
2.044862649942336574e+01
2.117349178987200631e+01
2.341601800895135099e+01
2.218076589741785654e+01
2.098333573644951855e+01
2.446321305612616115e+01
2.362544367689455527e+01
2.146316773987037152e+01
2.188354712382311718e+01
2.460155582715212219e+01
2.107619795495295989e+01
2.783979370886812532e+01
2.173462732966488176e+01
2.257650817194609161e+01
1.891991454022337749e+01
2.123569403019529744e+01
2.152708511308350126e+01
2.823145808930777534e+01
2.173843633104647921e+01
2.355750522071189224e+01
1.987294704276723323e+01
2.401481271609558732e+01
2.011207005970412354e+01
2.068269882279076199e+01
2.123132804699661236e+01
2.312024487818784024e+01
2.154433326903367174e+01
2.366432491930662962e+01
2.406584296010788293e+01
2.252815156676845731e+01
2.199598115979176427e+01
2.309886160161439150e+01
2.439269163485909075e+01
2.277404918402339362e+01
2.647888081080897393e+01
2.771973461347132073e+01
2.149857574203162613e+01
2.561202737330608414e+01
2.388423753403730743e+01
2.339480795751417119e+01
2.336784038994263923e+01
2.209453583990385894e+01
2.169700312464016179e+01
2.152612814794921192e+01
2.140196504345996331e+01
2.585247177684203379e+01
2.065266890837990132e+01
2.065258885187432369e+01
2.377585501961715764e+01
2.615788188918820367e+01
2.144024587739907872e+01
2.278401889965750726e+01
2.152657402337707637e+01
2.618829065604416328e+01
2.159628506128946768e+01
2.390433437958264307e+01
2.519738974934150022e+01
2.180723605177708180e+01
2.216375748964941295e+01
2.308371138901433284e+01
2.351728411880320735e+01
2.342716699588812546e+01
2.166404541884048385e+01
2.491119562050791814e+01
2.126126607511653432e+01
2.184028077904331155e+01
2.465552451030663761e+01
2.166020513418378357e+01
2.558953447380334723e+01
2.227478248968752794e+01
2.213816112998063801e+01
2.759763203644642715e+01
2.515404455963643215e+01
2.259636758830484737e+01
2.195547030505488451e+01
2.575361819148755771e+01
2.403734778798638061e+01
2.249543882201703227e+01
2.112964107952852189e+01
1.913877795224536982e+01
2.377811153408347522e+01
2.605655101778981830e+01
2.596733290186054077e+01
2.102258742248945467e+01
2.070683176954164750e+01
2.487053204424965358e+01
2.498095419535329498e+01
2.087073251916671524e+01
2.528619364062702957e+01
2.211572286728537406e+01
1.997066134916872926e+01
2.464409285067528188e+01
2.642952698932711542e+01
2.488859999799114675e+01
2.411133146416786488e+01
2.245517950785925976e+01
2.059603871647202666e+01
2.114890509460833457e+01
2.156027969840716807e+01
2.027795582884976966e+01
2.222801063805104604e+01
2.372512131307056293e+01
2.323056938797701321e+01
2.360684250215716418e+01
2.293530487577951149e+01
2.324887811660894954e+01
2.648819370650488025e+01
2.101605082168615013e+01
2.244850306240082816e+01
2.356521347779608533e+01
2.568405191376462327e+01
1.991994773093091808e+01
2.327203740653365927e+01
2.560061737187033515e+01
2.284472277418818464e+01
2.221808189037653491e+01
2.276174093936555209e+01
2.620109267457280566e+01
2.144348920940964831e+01
2.591398338323170947e+01
2.401671353916429652e+01
2.215734126415321725e+01
2.399676466445490064e+01
2.150219359667450547e+01
2.104796431206379026e+01
2.404326577739143644e+01
2.077575928982989950e+01
2.268567555681680759e+01
2.319128754032809070e+01
2.539274935285110146e+01
2.417083541504580779e+01
2.665723221408182297e+01
2.118303449857030785e+01
2.045612441756019706e+01
1.798308155030505162e+01
2.408100504993448254e+01
2.780109181018514164e+01
2.485846669502759454e+01
2.548145763401731756e+01
2.264022416033539287e+01
2.434260364361979612e+01
2.257630426376686827e+01
2.336448699991242961e+01
2.410629746902056070e+01
2.162407281006486670e+01
2.264113666395376256e+01
1.943197525546791837e+01
2.135553513305616491e+01
2.322229620952881390e+01
2.057032964208674031e+01
2.177163289572622418e+01
1.934516073739652953e+01
2.347330793149936312e+01
2.591299366912229019e+01
2.003220744515439122e+01
2.576695955930897597e+01
2.153257907039701635e+01
2.855449434653254670e+01
2.124140128704045338e+01
2.180068349804272998e+01
2.047408215432495737e+01
2.331691945969863156e+01
1.866300931536707353e+01
2.244912829287735079e+01
2.604741701393609787e+01
2.110429644445671826e+01
2.306644532989353991e+01
2.098240972833161777e+01
1.948042243285235386e+01
2.222811049114293169e+01
2.614116480325524350e+01
2.244175487404344693e+01
2.486692461295296752e+01
2.342364901347862727e+01
2.165121278208134470e+01
2.255607679093822071e+01
2.627670872126510559e+01
2.010458690865942444e+01
2.120156295034725247e+01
2.073151220797626237e+01
1.986317979426680580e+01
2.368412198153518844e+01
2.401024050633204610e+01
2.734725990459214273e+01
2.256841007851343051e+01
2.699289536310591942e+01
2.146204509111224823e+01
2.348635530708900632e+01
2.463567036080018724e+01
1.814815500747523203e+01
2.376173031078678832e+01
1.947609027065400511e+01
2.317780861730631159e+01
1.765629309653279577e+01
2.447774140274339061e+01
2.286274461986009854e+01
2.569100900384223607e+01
2.337585144815830418e+01
2.119262401152023045e+01
2.129726599073775972e+01
2.327152409965536961e+01
2.534147395884716403e+01
2.073132248576514058e+01
2.350971378484998198e+01
2.092467239309071658e+01
2.458136461585862875e+01
2.428655035307712495e+01
2.452831666362889607e+01
2.530600786219604004e+01
2.323641455095653896e+01
2.847102761107022673e+01
2.111919826311247306e+01
2.019544882824831689e+01
2.246020948440328624e+01
2.119479405135835037e+01
2.587874966485073713e+01
2.760465881643781572e+01
2.446912636318520029e+01
2.170353447371319433e+01
2.539715580248386573e+01
2.187907870527356025e+01
2.385639424560697108e+01
2.027590797518984900e+01
2.356759511306849930e+01
2.417647110457080473e+01
2.369363280379149828e+01
2.123710995706104754e+01
2.588464143481833801e+01
2.194422074683688351e+01
2.455567924996911700e+01
2.530692989175206975e+01
2.038621226012366350e+01
2.281065904041577141e+01
2.302853341759072947e+01
2.225203956652083548e+01
2.665839660209345752e+01
2.405227896421017064e+01
2.525479475182728706e+01
1.920341272269856248e+01
2.095888721340410754e+01
2.208033109850021702e+01
2.472283195167440795e+01
2.732004116332755572e+01
2.187775823395858055e+01
2.269347337287897659e+01
2.079347278676917909e+01
2.184357962070217241e+01
2.553310793818396718e+01
2.304255883858257192e+01
2.209825154851877471e+01
2.157939486703282839e+01
2.284336858234051348e+01
2.080465012071187303e+01
2.230836623740648861e+01
2.352431171359332751e+01
2.150734084321894812e+01
1.950741190188669449e+01
2.093754264853507507e+01
2.654444840011676732e+01
2.171616938869837554e+01
2.297353555308805539e+01
2.194238620666336814e+01
2.180738763584717077e+01
2.371070898025514495e+01
2.581732336960744334e+01
2.318264630322608255e+01
1.894481119432044025e+01
2.333375642276823569e+01
2.647187580855326061e+01
2.486677720465133845e+01
2.574974632609004388e+01
2.433063476918800205e+01
2.152518802975892243e+01
2.148795233608600341e+01
2.261477270706415510e+01
1.765071290119495728e+01
2.280114445419337699e+01
2.078263357530344990e+01
2.304577056171152449e+01
2.328647578996389811e+01
2.381595474745664021e+01
2.283304029824150660e+01
2.324853053141158554e+01
2.431400304988098071e+01
2.124559853737871862e+01
2.120927856617795371e+01
2.414515283307698112e+01
2.185454577521563380e+01
2.310124144112906563e+01
2.042824562146064338e+01
2.253628484962086276e+01
2.051314676876873122e+01
2.594763802059495816e+01
2.164814618015856595e+01
2.224929007942929360e+01
1.812240849845512258e+01
2.492359835225046893e+01
2.244401843641205474e+01
2.342900833188773291e+01
2.534268877121076713e+01
1.972549435101602455e+01
1.869422420913923233e+01
2.238621301437753885e+01
2.089652646712666950e+01
2.047509644930215700e+01
2.433196696786966484e+01
2.247316542550805707e+01
2.585406124602549838e+01
2.232907402050412671e+01
2.185147739883990781e+01
2.379032672380476043e+01
2.369088095271225214e+01
2.488288609106030336e+01
2.357685767390456633e+01
2.431660147347315615e+01
2.268047627867536775e+01
2.522324600758361868e+01
1.928516309455373445e+01
2.307812761814901492e+01
2.517987429363452989e+01
2.148583597757092534e+01
2.343782735080987933e+01
2.487672316536862382e+01
2.202595018852680298e+01
2.389179406781607540e+01
2.778673323056425559e+01
1.969269124200913623e+01
2.121690301859108629e+01
2.132077090675803177e+01
2.264911351896911640e+01
2.119852561340678676e+01
2.122969391031346831e+01
2.003393918484669811e+01
2.649260419709623804e+01
2.374510851623718111e+01
2.426490462008658966e+01
2.303606216816977081e+01
2.370683546851871171e+01
2.422114563020181066e+01
2.391830084881191354e+01
2.323707875638143250e+01
2.474833064057444787e+01
2.188264939928426500e+01
2.519140058802015503e+01
2.453218481184556410e+01
2.365407700166168325e+01
2.332479764145272583e+01
2.159703837894952017e+01
2.063997360166562700e+01
2.201028949588132377e+01
2.403297621924072658e+01
2.281867528048629268e+01
2.031849199503090020e+01
2.354152812795742022e+01
2.437001596505330525e+01
2.340276691933268083e+01
2.041727161975848048e+01
2.317550957383374666e+01
2.341405105936656028e+01
2.513694903302400263e+01
2.169166866469476318e+01
2.088510008623411451e+01
2.264865567259670343e+01
2.030146792091807129e+01
2.435260190123999280e+01
1.997066635042393656e+01
2.254250398537925193e+01
2.051202582994996249e+01
2.543153755544753736e+01
2.469255817196467717e+01
2.396934196753611346e+01
2.530019734264104159e+01
2.281336096574493055e+01
2.238640419903339307e+01
2.538172545127301305e+01
2.296891114255548061e+01
2.253109254526193439e+01
2.298554276719806211e+01
2.223549023078004794e+01
2.235557380429703045e+01
2.119700242209819407e+01
2.449399110931964074e+01
2.181648729443879731e+01
2.402882255011096646e+01
2.741293812766354421e+01
2.117625784770157438e+01
2.436220754809457389e+01
2.299675116552045395e+01
2.059090273649920633e+01
2.678764254589747296e+01
2.274770652213540245e+01
2.414255124912694228e+01
2.016929050765730125e+01
2.362984529719378912e+01
1.816450119847770495e+01
2.150438670503333682e+01
2.265069786127151374e+01
2.420566976287198102e+01
1.945172312877213372e+01
1.848047381328315097e+01
2.275856053444431026e+01
2.536024331253045005e+01
2.294555311432664624e+01
2.372981721680285361e+01
2.370927927187552342e+01
2.207601090145967504e+01
2.330340333249025520e+01
2.072034444959867372e+01
2.283534194803067763e+01
2.539809829687943221e+01
2.119028111389232194e+01
2.151130721358657993e+01
2.089051604180825450e+01
2.447794063956167321e+01
1.931123765749257970e+01
2.230120194870031014e+01
2.051927045296677932e+01
2.655676957509364300e+01
2.479436461755850729e+01
1.993423001308362430e+01
2.315249876066227230e+01
2.480654966368622283e+01
2.429413461698736398e+01
2.102801339966768168e+01
2.226642680804498298e+01
2.284637230579227563e+01
2.382221282743526558e+01
2.135014096773501535e+01
2.336658567452096236e+01
2.188455109323769321e+01
2.704089205460590506e+01
2.594686462299864260e+01
2.370022657499512775e+01
1.963388190798330157e+01
2.427796435040383116e+01
2.048269928712124965e+01
2.703393830668484554e+01
2.221847537980884013e+01
2.458171224021641166e+01
2.170913120569774435e+01
2.449893175197171047e+01
2.341238877622701864e+01
1.989458649984915084e+01
1.992695273473384887e+01
2.146509072049109434e+01
2.440778788182316106e+01
2.844934690431012214e+01
2.420950951083408853e+01
2.478023869183096295e+01
2.066775847829079638e+01
2.059493292002609266e+01
2.092295005610699832e+01
2.149188054163206374e+01
2.193018025248493430e+01
2.315833758101387474e+01
